099100	2010-12-16	28	25	18	07	32	04	05	2:4	114	19		8尾(2球)	28	34
099101	2010-12-20	29	01	02	20	38	07	07	3:3	97	16	01,02		37	27
099102	2010-12-23	01	31	19	07	10	04	05	4:2	72	12		1尾(2球)	30	22
099103	2010-12-27	28	16	31	23	32	03	08	3:3	133	22	31,32	3尾(2球)	29	23
099104	2010-12-30	31	24	01	38	29	33	03	4:2	156	26		1尾(2球)	37	26
100001	2011-01-03	38	12	36	06	20	02	06	0:6	114	19		2尾(2球) 6尾(2球)	36	24
100002	2011-01-06	03	11	20	22	26	27	03	3:3	109	18	26,27		24	19
100003	2011-01-10	17	28	29	33	35	36	08	4:2	178	30	28,29 35,36		19	38
100004	2011-01-13	01	06	07	18	28	34	06	2:4	94	16	06,07	8尾(2球)	33	34
100005	2011-01-17	01	02	19	25	30	31	04	4:2	108	18	01,02 30,31	1尾(2球)	30	18
100006	2011-01-20	01	04	10	22	25	31	08	3:3	93	16		1尾(2球)	30	13
100007	2011-01-24	10	14	18	21	32	33	07	2:4	128	21	32,33		23	18
100008	2011-01-27	11	24	35	03	02	19	02	4:2	94	16	02,03		33	24
100009	2011-01-31	10	32	28	31	04	21	07	2:4	126	21	31,32	1尾(2球)	28	16
100010	2011-02-03	29	10	37	16	23	08	02	3:3	123	21			29	33
100011	2011-02-07	20	32	38	04	15	06	03	1:5	115	19			34	25
100012	2011-02-10	36	32	13	10	30	37	02	2:4	158	26	36,37	0尾(2球)	27	18
100013	2011-02-14	08	11	23	38	19	25	05	4:2	124	21		8尾(2球)	30	34
100014	2011-02-17	04	11	20	26	12	38	07	1:5	111	19	11,12		34	21
100015	2011-02-21	38	19	35	28	23	09	01	4:2	152	25		8尾(2球) 9尾(2球)	29	42
100016	2011-02-24	26	14	08	13	16	03	05	2:4	80	13	13,14	3尾(2球) 6尾(2球)	23	30
100017	2011-02-28	13	14	05	29	26	18	07	3:3	105	18	13,14		24	35
100018	2011-03-03	15	17	27	35	23	01	07	6:0	118	20		5尾(2球) 7尾(2球)	34	28
100019	2011-03-07	16	37	30	10	02	33	04	2:4	128	21		0尾(2球)	35	18
100020	2011-03-10	24	05	31	04	19	37	08	4:2	120	20	04,05	4尾(2球)	33	30
100021	2011-03-14	06	04	11	18	05	26	04	2:4	70	12	04,05,06	6尾(2球)	22	30
100022	2011-03-17	32	01	36	14	11	03	02	3:3	97	16		1尾(2球)	35	17
100023	2011-03-21	08	17	33	37	20	18	02	3:3	133	22	17,18	7尾(2球) 8尾(2球)	29	33
100024	2011-03-24	37	27	04	35	19	29	04	5:1	151	25		7尾(2球) 9尾(2球)	33	41
100025	2011-03-28	27	24	07	34	16	03	08	3:3	111	19		4尾(2球) 7尾(2球)	31	31
100026	2011-03-31	19	38	17	36	31	32	04	3:3	173	29	31,32		21	33
100027	2011-04-04	25	37	33	32	28	02	08	3:3	157	26	32,33	2尾(2球)	35	27
100028	2011-04-07	20	30	06	31	14	12	01	1:5	113	19	30,31	0尾(2球)	25	13
100029	2011-04-11	15	16	21	29	31	33	04	5:1	145	24	15,16	1尾(2球)	18	25
100030	2011-04-14	18	27	17	24	15	25	06	4:2	126	21	17,18 24,25	5尾(2球) 7尾(2球)	12	36
100031	2011-04-18	05	07	17	23	26	06	07	4:2	84	14	05,06,07	6尾(2球) 7尾(2球)	21	34
100032	2011-04-21	26	34	32	36	10	01	08	1:5	139	23		6尾(2球)	35	19
100033	2011-04-25	17	26	22	12	03	02	01	2:4	82	14	02,03	2尾(3球)	24	22
100034	2011-04-28	29	03	32	31	09	34	05	4:2	138	23	31,32	9尾(2球)	31	28
100035	2011-05-02	17	36	21	22	07	19	03	4:2	122	20	21,22	7尾(2球)	29	32
100036	2011-05-05	05	38	13	06	14	26	05	2:4	102	17	05,06 13,14	6尾(2球)	33	32
100037	2011-05-09	36	31	25	03	15	35	03	5:1	145	24	35,36	5尾(3球)	33	25
100038	2011-05-12	10	25	31	30	19	24	07	3:3	139	23	24,25 30,31	0尾(2球)	21	19
100039	2011-05-16	03	29	37	08	21	17	08	5:1	115	19		7尾(2球)	34	35
100040	2011-05-19	16	38	19	35	02	06	08	2:4	116	19		6尾(2球)	36	36
100041	2011-05-23	11	24	26	13	16	08	04	2:4	98	16		6尾(2球)	18	28
100042	2011-05-26	08	30	21	19	06	12	08	2:4	96	16			24	26
100043	2011-05-30	32	10	30	22	37	02	04	1:5	133	22		0尾(2球) 2尾(3球)	35	13
100044	2011-06-02	22	04	01	30	19	33	04	3:3	109	18			32	19
100045	2011-06-06	37	22	38	36	16	10	04	1:5	159	27	36,37,38	6尾(2球)	28	29
100046	2011-06-09	12	37	15	36	03	13	03	4:2	116	19	12,13 36,37	3尾(2球)	34	26
100047	2011-06-13	09	07	11	18	36	31	01	4:2	112	19		1尾(2球)	29	32
100048	2011-06-16	25	08	29	15	38	33	01	4:2	148	25		5尾(2球) 8尾(2球)	30	38
100049	2011-06-20	27	10	06	22	04	34	02	1:5	103	17		4尾(2球)	30	23
100050	2011-06-23	26	20	28	36	30	03	05	1:5	143	24		0尾(2球) 6尾(2球)	33	23
100051	2011-06-27	33	04	23	15	06	35	03	4:2	116	19		3尾(2球) 5尾(2球)	31	26
100052	2011-06-30	35	30	15	17	19	38	01	4:2	154	26		5尾(2球)	23	34
100053	2011-07-04	17	05	37	01	12	31	06	5:1	103	17		1尾(2球) 7尾(2球)	36	23
100054	2011-07-07	22	19	37	02	07	33	01	4:2	120	20		2尾(2球) 7尾(2球)	35	30
100055	2011-07-11	32	14	02	12	28	04	02	0:6	92	15		2尾(3球) 4尾(2球)	30	22
100056	2011-07-14	02	31	10	33	12	37	01	3:3	125	21		2尾(2球)	35	15
100057	2011-07-18	13	29	37	30	32	03	06	4:2	144	24	29,30	3尾(2球)	34	24
100058	2011-07-21	01	07	19	20	21	26	07	4:2	94	16	19,20,21	1尾(2球)	25	24
100059	2011-07-25	22	08	23	05	20	18	01	2:4	96	16	22,23	8尾(2球)	18	26
100060	2011-07-28	06	35	19	01	34	25	08	4:2	120	20	34,35	5尾(2球)	34	30
100061	2011-08-01	34	27	22	19	14	31	07	3:3	147	25		4尾(2球)	20	27
100062	2011-08-04	06	14	33	17	24	23	01	3:3	117	20	23,24	3尾(2球) 4尾(2球)	27	27
100063	2011-08-08	34	07	27	38	08	37	01	3:3	151	25	07,08 37,38	7尾(3球) 8尾(2球)	31	41
100064	2011-08-11	25	18	29	08	06	01	05	3:3	87	15		8尾(2球)	28	37
100065	2011-08-15	15	14	35	11	30	02	07	3:3	107	18	14,15	5尾(2球)	33	17
100066	2011-08-18	07	06	37	08	05	32	03	3:3	95	16	05,06,07,08	7尾(2球)	32	35
100067	2011-08-22	12	21	25	03	37	02	04	4:2	100	17	02,03	2尾(2球)	35	20
100068	2011-08-25	08	16	01	36	14	13	07	2:4	88	15	13,14	6尾(2球)	35	28
100069	2011-08-29	15	06	22	35	10	29	01	3:3	117	20		5尾(2球)	29	27
100070	2011-09-01	11	13	02	29	10	27	02	4:2	92	15	10,11		27	22
100071	2011-09-05	27	36	26	16	07	33	04	3:3	145	24	26,27	6尾(3球) 7尾(2球)	29	35
100072	2011-09-08	21	15	06	08	04	12	07	2:4	66	11			17	26
100073	2011-09-12	04	06	07	17	32	36	07	2:4	102	17	06,07	6尾(2球) 7尾(2球)	32	32
100074	2011-09-15	21	17	34	03	18	01	07	4:2	94	16	17,18	1尾(2球)	33	24
100075	2011-09-19	11	24	25	37	07	38	03	4:2	142	24	24,25 37,38	7尾(2球)	31	32
100076	2011-09-22	27	23	38	11	20	22	02	3:3	141	24	22,23		27	21
100077	2011-09-26	05	18	37	19	15	24	06	4:2	118	20	18,19	5尾(2球)	32	38
100078	2011-09-29	33	15	37	01	36	34	08	4:2	156	26	33,34 36,37		36	26
100079	2011-10-03	13	27	01	04	35	16	08	4:2	96	16			34	26
100080	2011-10-06	20	24	12	18	14	27	02	1:5	115	19		4尾(2球)	15	25
100081	2011-10-10	09	34	08	25	20	19	02	3:3	115	19	08,09 19,20	9尾(2球)	26	35
100082	2011-10-13	17	18	06	27	25	34	06	3:3	127	21	17,18	7尾(2球)	28	37
100083	2011-10-17	19	29	37	36	33	10	01	4:2	164	27	36,37	9尾(2球)	27	34
100084	2011-10-20	38	30	05	20	26	22	04	1:5	141	24		0尾(2球)	33	21
100085	2011-10-24	02	15	31	30	12	25	06	3:3	115	19	30,31	2尾(2球) 5尾(2球)	29	15
100086	2011-10-27	16	12	05	10	28	23	07	2:4	94	16			23	24
100087	2011-10-31	20	27	08	06	23	14	03	2:4	98	16			21	28
100088	2011-11-03	13	26	37	36	27	22	05	3:3	161	27	26,27 36,37	6尾(2球) 7尾(2球)	24	31
100089	2011-11-07	01	26	08	23	34	27	03	3:3	119	20	26,27		33	29
100090	2011-11-10	08	23	32	35	19	27	08	4:2	144	24			27	34
100091	2011-11-14	21	11	24	34	20	18	05	2:4	128	21	20,21	1尾(2球) 4尾(2球)	23	18
100092	2011-11-17	24	14	03	13	30	01	06	3:3	85	14	13,14	3尾(2球) 4尾(2球)	29	15
100093	2011-11-21	14	13	32	11	25	12	08	3:3	107	18	11,12,13,14	2尾(2球)	21	17
100094	2011-11-24	05	16	32	13	04	37	07	3:3	107	18	04,05		33	27
100095	2011-11-28	35	18	20	09	33	04	04	3:3	119	20			31	29
100096	2011-12-01	03	16	35	19	26	31	03	4:2	130	22		6尾(2球)	32	30
100097	2011-12-05	21	32	04	33	06	09	02	3:3	105	18	32,33		29	25
100098	2011-12-08	21	08	02	37	35	05	08	4:2	108	18		5尾(2球)	35	28
100099	2011-12-12	31	21	07	19	27	10	05	5:1	115	19		1尾(2球) 7尾(2球)	24	25
100100	2011-12-15	09	27	07	28	29	01	02	5:1	101	17	27,28,29	7尾(2球) 9尾(2球)	28	41
100101	2011-12-19	10	35	25	29	06	14	03	3:3	119	20		5尾(2球)	29	29
100102	2011-12-22	22	23	20	11	13	04	02	3:3	93	16	22,23	3尾(2球)	19	13
100103	2011-12-26	24	17	09	35	01	19	05	5:1	105	18		9尾(2球)	34	35
100104	2011-12-29	03	19	07	04	15	10	05	4:2	58	10	03,04		16	28
101001	2012-01-02	06	10	11	26	27	30	04	2:4	110	18	10,11 26,27	0尾(2球) 6尾(2球)	24	20
101002	2012-01-05	31	32	15	28	10	18	04	2:4	134	22	31,32	8尾(2球)	22	24
101003	2012-01-09	25	34	09	02	30	27	05	3:3	127	21			32	27
101004	2012-01-12	15	23	03	30	32	21	07	4:2	124	21		3尾(2球)	29	14
101005	2012-01-16	36	18	11	33	37	07	06	4:2	142	24	36,37	7尾(2球)	30	32
101006	2012-01-19	08	07	03	13	18	11	06	4:2	60	10	07,08	3尾(2球) 8尾(2球)	15	30
101007	2012-01-23	08	36	06	29	24	23	08	2:4	126	21	23,24	6尾(2球)	30	36
101008	2012-01-26	38	02	04	19	16	09	01	2:4	88	15		9尾(2球)	36	38
101009	2012-01-30	27	38	17	20	11	18	05	3:3	131	22	17,18	7尾(2球) 8尾(2球)	27	31
101010	2012-02-02	29	14	04	08	01	03	07	3:3	59	10	03,04	4尾(2球)	28	29
101011	2012-02-06	38	04	14	20	07	23	03	2:4	106	18		4尾(2球)	34	26
101012	2012-02-09	37	28	20	06	12	25	08	2:4	128	21			31	28
101013	2012-02-13	09	29	24	04	15	35	08	4:2	116	19		4尾(2球) 5尾(2球) 9尾(2球)	31	36
101014	2012-02-16	07	16	23	24	29	34	05	3:3	133	22	23,24	4尾(2球)	27	33
101015	2012-02-20	09	02	22	14	01	12	02	2:4	60	10	01,02	2尾(3球)	21	20
101016	2012-02-23	35	37	13	19	08	30	07	4:2	142	24			29	32
101017	2012-02-27	23	20	04	12	03	10	04	2:4	72	12	03,04	0尾(2球) 3尾(2球)	20	12
101018	2012-03-01	01	04	15	07	16	09	06	4:2	52	9	15,16		15	32
101019	2012-03-05	15	11	27	06	21	26	03	4:2	106	18	26,27	1尾(2球) 6尾(2球)	21	26
101020	2012-03-08	09	12	23	37	11	28	04	4:2	120	20	11,12		28	30
101021	2012-03-12	09	22	23	03	13	37	01	5:1	107	18	22,23	3尾(3球)	34	27
101022	2012-03-15	17	37	04	12	29	20	03	3:3	119	20		7尾(2球)	33	29
101023	2012-03-19	21	34	17	09	26	18	01	3:3	125	21	17,18		25	35
101024	2012-03-22	14	34	35	15	10	12	06	2:4	120	20	14,15 34,35	4尾(2球) 5尾(2球)	25	20
101025	2012-03-26	25	03	12	23	01	21	02	5:1	85	14		1尾(2球) 3尾(2球)	24	15
101026	2012-03-29	08	22	32	15	26	17	01	2:4	120	20		2尾(2球)	24	30
101027	2012-04-02	15	01	11	29	38	18	01	4:2	112	19		1尾(2球) 8尾(2球)	37	32
101028	2012-04-05	08	32	36	35	23	09	07	3:3	143	24	08,09 35,36		28	33
101029	2012-04-09	01	10	19	31	24	21	05	4:2	106	18		1尾(3球)	30	16
101030	2012-04-12	30	32	35	27	26	06	02	2:4	156	26	26,27	6尾(2球)	29	26
101031	2012-04-16	13	27	03	25	18	04	01	4:2	90	15	03,04	3尾(2球)	24	30
101032	2012-04-19	10	05	12	26	38	35	02	2:4	126	21		5尾(2球)	33	26
101033	2012-04-23	35	16	17	11	19	01	05	5:1	99	17	16,17	1尾(2球)	34	29
101034	2012-04-26	35	03	04	17	02	14	01	3:3	75	13	02,03,04	4尾(2球)	33	25
101035	2012-04-30	22	03	18	05	27	37	01	4:2	112	19		7尾(2球)	34	32
101036	2012-05-03	17	15	34	09	04	10	03	3:3	89	15	09,10	4尾(2球)	30	29
101037	2012-05-07	18	22	23	25	02	13	04	3:3	103	17	22,23	2尾(2球) 3尾(2球)	23	23
101038	2012-05-10	21	14	37	32	25	20	03	3:3	149	25	20,21		23	19
101039	2012-05-14	06	04	05	28	16	18	01	1:5	77	13	04,05,06	6尾(2球) 8尾(2球)	24	37
101040	2012-05-17	21	28	25	06	29	15	04	4:2	124	21	28,29	5尾(2球)	23	34
101041	2012-05-21	19	38	13	11	31	23	03	5:1	135	23		1尾(2球) 3尾(2球)	27	25
101042	2012-05-24	12	10	36	29	06	01	04	2:4	94	16		6尾(2球)	35	24
101043	2012-05-28	31	22	07	35	17	16	02	4:2	128	21	16,17	7尾(2球)	28	28
101044	2012-05-31	07	21	17	15	03	34	08	5:1	97	16		7尾(2球)	31	27
101045	2012-06-04	15	38	18	29	34	04	04	2:4	138	23		4尾(2球) 8尾(2球)	34	38
101046	2012-06-07	08	20	12	30	27	29	01	2:4	126	21	29,30	0尾(2球)	22	26
101047	2012-06-11	33	22	07	26	29	17	07	4:2	134	22		7尾(2球)	26	34
101048	2012-06-14	36	16	14	15	03	20	05	2:4	104	17	14,15,16	6尾(2球)	33	24
101049	2012-06-18	21	24	34	13	14	08	06	2:4	114	19	13,14	4尾(3球)	26	24
101050	2012-06-21	04	28	37	26	38	16	01	1:5	149	25	37,38	6尾(2球) 8尾(2球)	34	39
101051	2012-06-25	30	24	01	16	15	26	05	2:4	112	19	15,16	6尾(2球)	29	22
101052	2012-06-28	35	16	25	15	31	37	04	5:1	159	27	15,16	5尾(3球)	22	29
101053	2012-07-02	07	37	03	35	21	38	03	5:1	141	24	37,38	7尾(2球)	35	31
101054	2012-07-05	17	29	06	02	38	04	08	2:4	96	16			36	36
101055	2012-07-09	30	08	01	06	32	35	06	2:4	112	19			34	22
101056	2012-07-12	34	36	20	15	22	10	05	1:5	137	23		0尾(2球)	26	17
101057	2012-07-16	36	37	19	23	38	12	06	3:3	165	28	36,37,38		26	35
101058	2012-07-19	23	26	14	30	25	31	03	3:3	149	25	25,26 30,31		17	19
101059	2012-07-23	05	18	33	34	37	12	02	3:3	139	23	33,34		32	29
101060	2012-07-26	02	11	07	10	19	33	01	4:2	82	14	10,11		31	22
101061	2012-07-30	03	37	18	24	10	29	07	3:3	121	20			34	31
101062	2012-08-02	30	18	37	29	27	21	04	4:2	162	27	29,30	7尾(2球)	19	32
101063	2012-08-06	09	12	17	33	18	27	04	4:2	116	19	17,18	7尾(2球)	24	36
101064	2012-08-09	33	23	02	25	03	27	01	5:1	113	19	02,03	3尾(3球)	31	23
101065	2012-08-13	35	10	22	05	17	37	05	4:2	126	21		5尾(2球) 7尾(2球)	32	26
101066	2012-08-16	36	16	11	38	13	14	05	2:4	128	21	13,14	6尾(2球)	27	28
101067	2012-08-20	30	17	05	23	14	20	06	3:3	109	18		0尾(2球)	25	19
101068	2012-08-23	21	01	31	11	05	16	08	5:1	85	14		1尾(4球)	30	15
101069	2012-08-27	16	25	37	23	06	03	07	4:2	110	18		3尾(2球) 6尾(2球)	34	30
101070	2012-08-30	08	01	09	36	02	22	05	2:4	78	13	01,02 08,09	2尾(2球)	35	28
101071	2012-09-03	27	14	12	17	01	24	03	3:3	95	16		4尾(2球) 7尾(2球)	26	25
101072	2012-09-06	07	34	13	23	36	32	03	3:3	145	24		3尾(2球)	29	25
101073	2012-09-10	17	09	02	35	20	38	07	3:3	121	20			36	31
101074	2012-09-13	04	26	17	14	01	05	08	3:3	67	11	04,05	4尾(2球)	25	27
101075	2012-09-17	06	07	10	21	27	01	05	4:2	72	12	06,07	1尾(2球) 7尾(2球)	26	22
101076	2012-09-20	14	18	11	34	21	04	02	2:4	102	17		1尾(2球) 4尾(3球)	30	22
101077	2012-09-24	20	24	07	19	04	30	01	2:4	104	17	19,20	0尾(2球) 4尾(2球)	26	24
101078	2012-09-27	13	15	29	32	11	27	03	5:1	127	21			21	27
101079	2012-10-01	19	16	11	14	34	07	05	3:3	101	17		4尾(2球)	27	31
101080	2012-10-04	28	16	19	17	24	02	05	2:4	106	18	16,17		26	36
101081	2012-10-08	36	32	31	29	07	35	07	4:2	170	28	31,32 35,36		29	30
101082	2012-10-11	23	06	01	28	34	12	02	2:4	104	17			33	24
101083	2012-10-15	18	12	09	28	16	29	07	2:4	112	19	28,29	8尾(2球) 9尾(2球)	20	42
101084	2012-10-18	08	02	15	19	22	29	04	3:3	95	16		2尾(2球) 9尾(2球)	27	35
101085	2012-10-22	19	24	05	14	21	10	05	3:3	93	16		4尾(2球)	19	23
101086	2012-10-25	04	30	19	28	03	07	08	3:3	91	15	03,04		27	31
101087	2012-10-29	36	38	13	30	26	12	08	1:5	155	26	12,13	6尾(2球)	26	25
101088	2012-11-01	12	38	06	15	24	07	03	2:4	102	17	06,07		32	32
101089	2012-11-05	30	01	15	33	12	10	06	3:3	101	17		0尾(2球)	32	11
101090	2012-11-08	22	33	08	10	18	25	07	2:4	116	19		8尾(2球)	25	26
101091	2012-11-12	33	31	01	08	24	21	08	4:2	118	20		1尾(3球)	32	18
101092	2012-11-15	03	11	12	27	35	32	02	4:2	120	20	11,12	2尾(2球)	32	20
101093	2012-11-19	37	32	02	29	06	28	04	2:4	134	22	28,29	2尾(2球)	35	34
101094	2012-11-22	36	38	27	22	26	08	08	1:5	157	26	26,27	6尾(2球) 8尾(2球)	30	37
101095	2012-11-26	29	23	04	05	18	08	02	3:3	87	15	04,05	8尾(2球)	25	37
101096	2012-11-29	06	21	35	03	16	11	02	4:2	92	15		1尾(2球) 6尾(2球)	32	22
101097	2012-12-03	14	22	11	30	05	09	08	3:3	91	15			25	21
101098	2012-12-06	05	24	10	21	12	01	08	3:3	73	12		1尾(2球)	23	13
101099	2012-12-10	38	06	15	22	20	04	07	1:5	105	18			34	25
101100	2012-12-13	27	08	28	33	06	14	01	2:4	116	19	27,28	8尾(2球)	27	36
101101	2012-12-17	24	34	32	27	03	12	04	2:4	132	22		2尾(2球) 4尾(2球)	31	22
101102	2012-12-20	24	29	26	32	38	01	07	2:4	150	25			37	30
101103	2012-12-24	29	10	01	07	14	30	04	3:3	91	15	29,30	0尾(2球)	29	21
101104	2012-12-27	35	16	27	36	30	15	02	3:3	159	27	15,16 35,36	5尾(2球) 6尾(2球)	21	29
101105	2012-12-31	28	24	22	15	36	29	02	2:4	154	26	28,29		21	34
102001	2013-01-03	35	03	29	06	17	04	07	4:2	94	16	03,04		32	34
102002	2013-01-07	24	01	22	10	26	17	07	2:4	100	17			25	20
102003	2013-01-10	16	18	02	04	29	13	05	2:4	82	14			27	32
102004	2013-01-14	30	05	03	10	23	29	02	4:2	100	17	29,30	0尾(2球) 3尾(2球)	27	20
102005	2013-01-17	15	08	25	09	03	16	05	4:2	76	13	08,09 15,16	5尾(2球)	22	36
102006	2013-01-21	01	14	36	11	22	05	01	3:3	89	15		1尾(2球)	35	19
102007	2013-01-24	10	05	22	38	08	26	02	1:5	109	18		8尾(2球)	33	29
102008	2013-01-28	03	26	29	27	08	22	05	3:3	115	19	26,27		26	35
102009	2013-01-31	03	37	31	22	15	28	08	4:2	136	23			34	26
102010	2013-02-04	19	30	06	10	12	32	05	1:5	109	18		0尾(2球) 2尾(2球)	26	19
102011	2013-02-07	37	03	26	15	23	09	02	5:1	113	19		3尾(2球)	34	33
102012	2013-02-11	36	09	01	32	29	19	05	4:2	126	21		9尾(3球)	35	36
102013	2013-02-14	16	22	31	13	32	14	03	2:4	128	21	13,14 31,32	2尾(2球)	19	18
102014	2013-02-18	31	19	35	02	03	32	01	4:2	122	20	02,03 31,32	2尾(2球)	33	22
102015	2013-02-21	32	24	21	38	37	35	05	3:3	187	31	37,38		17	27
102016	2013-02-25	06	01	35	20	32	14	05	2:4	108	18			34	18
102017	2013-02-28	12	16	10	19	32	26	05	1:5	115	19		2尾(2球) 6尾(2球)	22	25
102018	2013-03-04	16	28	02	24	05	37	02	2:4	112	19			35	32
102019	2013-03-07	35	20	12	32	15	29	05	3:3	143	24		2尾(2球) 5尾(2球)	23	23
102020	2013-03-11	03	14	25	22	09	12	02	3:3	85	14		2尾(2球)	22	25
102021	2013-03-14	11	08	02	34	26	15	06	2:4	96	16			32	26
102022	2013-03-18	04	03	31	16	10	14	04	2:4	78	13	03,04	4尾(2球)	28	18
102023	2013-03-21	09	16	35	37	24	34	05	3:3	155	26	34,35	4尾(2球)	28	35
102024	2013-03-25	15	36	11	17	02	30	01	3:3	111	19			34	21
102025	2013-03-28	15	06	01	19	10	34	07	3:3	85	14			33	25
102026	2013-04-01	04	37	01	06	12	35	06	3:3	95	16			36	25
102027	2013-04-04	33	38	31	30	07	01	05	4:2	140	23	30,31	1尾(2球)	37	20
102028	2013-04-08	30	33	34	10	09	07	08	3:3	123	21	09,10 33,34	0尾(2球)	27	23
102029	2013-04-11	28	27	02	36	19	07	07	3:3	119	20	27,28	7尾(2球)	34	39
102030	2013-04-15	19	13	11	28	29	20	06	4:2	120	20	19,20 28,29	9尾(2球)	18	30
102031	2013-04-18	15	25	23	30	03	22	05	4:2	118	20	22,23	3尾(2球) 5尾(2球)	27	18
102032	2013-04-22	29	16	36	22	13	24	05	2:4	140	23		6尾(2球)	23	30
102033	2013-04-25	18	09	07	24	21	37	06	4:2	116	19		7尾(2球)	30	36
102034	2013-04-29	23	16	30	20	27	14	08	2:4	130	22		0尾(2球)	16	20
102035	2013-05-02	29	21	26	10	37	04	03	3:3	127	21			33	27
102036	2013-05-06	24	07	28	11	05	12	08	3:3	87	15	11,12		23	27
102037	2013-05-09	09	03	06	21	15	30	05	4:2	84	14			27	24
102038	2013-05-13	12	05	27	06	33	29	01	4:2	112	19	05,06		28	32
102039	2013-05-16	08	07	14	24	34	31	08	2:4	118	20	07,08	4尾(3球)	27	28
102040	2013-05-20	12	16	08	36	27	33	03	2:4	132	22		6尾(2球)	28	32
102041	2013-05-23	10	21	35	33	31	27	07	5:1	157	26		1尾(2球)	25	17
102042	2013-05-27	32	37	07	33	04	17	07	4:2	130	22	32,33	7尾(3球)	33	30
102043	2013-05-30	07	31	33	13	22	23	01	5:1	129	22	22,23	3尾(3球)	26	19
102044	2013-06-03	36	06	37	26	34	35	03	2:4	174	29	34,35,36,37	6尾(3球)	31	34
102045	2013-06-06	17	34	08	09	22	37	08	3:3	127	21	08,09	7尾(2球)	29	37
102046	2013-06-10	30	09	03	32	37	16	05	3:3	127	21			34	27
102047	2013-06-13	32	38	34	37	21	14	03	2:4	176	29	37,38	4尾(2球)	24	26
102048	2013-06-17	22	19	25	23	29	38	01	4:2	156	26	22,23	9尾(2球)	19	36
102049	2013-06-20	01	02	07	11	13	24	03	4:2	58	10	01,02	1尾(2球)	23	18
102050	2013-06-24	22	24	33	37	12	15	06	3:3	143	24		2尾(2球)	25	23
102051	2013-06-27	36	08	35	07	04	14	03	2:4	104	17	07,08 35,36	4尾(2球)	32	34
102052	2013-07-01	24	15	37	07	04	11	07	4:2	98	16		4尾(2球) 7尾(2球)	33	28
102053	2013-07-04	09	13	26	06	07	25	04	4:2	86	14	06,07 25,26	6尾(2球)	20	36
102054	2013-07-08	38	04	21	32	19	15	06	3:3	129	22			34	29
102055	2013-07-11	09	30	01	28	21	35	07	4:2	124	21		1尾(2球)	34	24
102056	2013-07-15	23	20	25	01	08	05	08	4:2	82	14		5尾(2球)	24	22
102057	2013-07-18	12	36	30	01	02	06	03	1:5	87	15	01,02	2尾(2球) 6尾(2球)	35	17
102058	2013-07-22	36	03	34	33	24	19	01	3:3	149	25	33,34	3尾(2球) 4尾(2球)	33	29
102059	2013-07-25	23	22	37	08	11	20	06	3:3	121	20	22,23		29	21
102060	2013-07-29	25	22	02	06	13	18	06	2:4	86	14		2尾(2球)	23	26
102061	2013-08-01	06	15	31	20	19	34	02	3:3	125	21	19,20		28	25
102062	2013-08-05	27	14	18	28	12	34	05	1:5	133	22	27,28	4尾(2球) 8尾(2球)	22	33
102063	2013-08-08	08	04	16	27	02	07	06	2:4	64	11	07,08	7尾(2球)	25	34
102064	2013-08-12	20	23	05	22	30	19	02	3:3	119	20	19,20 22,23	0尾(2球)	25	19
102065	2013-08-15	03	07	28	20	17	29	05	4:2	104	17	28,29	7尾(2球)	26	34
102066	2013-08-19	26	18	05	08	09	34	08	2:4	100	17	08,09	8尾(2球)	29	40
102067	2013-08-22	14	01	28	34	17	04	05	2:4	98	16		4尾(3球)	33	28
102068	2013-08-26	35	38	09	02	17	04	05	3:3	105	18			36	35
102069	2013-08-29	06	31	37	28	03	05	06	4:2	110	18	05,06		34	30
102070	2013-09-02	13	02	20	21	29	08	08	3:3	93	16	20,21		27	23
102071	2013-09-05	32	07	22	15	10	38	02	2:4	124	21		2尾(2球)	31	24
102072	2013-09-09	31	21	10	26	02	32	08	2:4	122	20	31,32	1尾(2球) 2尾(2球)	30	12
102073	2013-09-12	18	03	08	37	30	02	07	2:4	98	16	02,03	8尾(2球)	35	28
102074	2013-09-16	07	05	06	01	22	26	07	3:3	67	11	05,06,07	6尾(2球)	25	27
102075	2013-09-19	33	18	38	06	22	21	04	2:4	138	23	21,22	8尾(2球)	32	28
102076	2013-09-23	18	25	28	19	12	24	05	2:4	126	21	18,19 24,25	8尾(2球)	16	36
102077	2013-09-26	18	04	37	05	07	30	01	3:3	101	17	04,05	7尾(2球)	33	31
102078	2013-09-30	16	38	21	07	02	04	07	2:4	88	15			36	28
102079	2013-10-03	29	04	15	25	32	08	01	3:3	113	19		5尾(2球)	28	33
102080	2013-10-07	23	24	06	25	36	01	04	3:3	115	19	23,24,25	6尾(2球)	35	25
102081	2013-10-10	12	25	36	34	07	31	05	3:3	145	24			29	25
102082	2013-10-14	27	02	29	38	25	14	03	3:3	135	23			36	35
102083	2013-10-17	26	07	17	31	03	02	08	4:2	86	14	02,03	7尾(2球)	29	26
102084	2013-10-21	10	24	30	23	16	06	08	1:5	109	18	23,24	0尾(2球) 6尾(2球)	24	19
102085	2013-10-24	30	36	11	15	13	33	03	4:2	138	23		3尾(2球)	25	18
102086	2013-10-28	30	14	29	04	13	10	07	2:4	100	17	13,14 29,30	0尾(2球) 4尾(2球)	26	20
102087	2013-10-31	04	06	16	01	32	38	03	1:5	97	16		6尾(2球)	37	27
102088	2013-11-04	28	36	22	05	07	31	03	3:3	129	22			31	29
102089	2013-11-07	19	27	01	11	13	09	05	6:0	80	13		1尾(2球) 9尾(2球)	26	30
102090	2013-11-11	08	16	24	11	22	13	07	2:4	94	16			16	24
102091	2013-11-14	18	12	38	28	36	21	01	1:5	153	26		8尾(3球)	26	33
102092	2013-11-18	10	06	31	35	03	37	01	4:2	122	20			34	22
102093	2013-11-21	15	35	27	21	23	05	07	6:0	126	21		5尾(3球)	30	26
102094	2013-11-25	12	25	33	04	30	35	02	3:3	139	23		5尾(2球)	31	19
102095	2013-11-28	16	17	18	28	35	37	04	3:3	151	25	16,17,18	7尾(2球) 8尾(2球)	21	41
102096	2013-12-02	35	03	05	28	31	32	01	4:2	134	22	31,32	5尾(2球)	32	24
102097	2013-12-05	05	35	20	31	22	08	07	3:3	121	20		5尾(2球)	30	21
102098	2013-12-09	14	15	07	38	34	05	01	3:3	113	19	14,15	4尾(2球) 5尾(2球)	33	33
102099	2013-12-12	25	01	34	28	38	08	06	2:4	134	22		8尾(3球)	37	34
102100	2013-12-16	21	22	26	32	04	14	07	1:5	119	20	21,22	2尾(2球) 4尾(2球)	28	19
102101	2013-12-19	36	26	13	06	04	38	08	1:5	123	21		6尾(3球)	34	33
102102	2013-12-23	10	30	21	08	33	12	01	2:4	114	19		0尾(2球)	25	14
102103	2013-12-26	22	02	26	12	13	21	04	2:4	96	16	12,13 21,22	2尾(3球)	24	16
102104	2013-12-30	35	32	34	06	31	37	04	3:3	175	29	31,32 34,35		31	25
103001	2014-01-02	27	10	08	37	28	19	03	3:3	129	22	27,28	7尾(2球) 8尾(2球)	29	39
103002	2014-01-06	07	18	08	23	31	12	02	3:3	99	17	07,08	8尾(2球)	24	29
103003	2014-01-09	31	04	23	34	35	22	01	3:3	149	25	22,23 34,35	4尾(2球)	31	19
103004	2014-01-13	04	03	30	24	23	26	02	2:4	110	18	03,04 23,24	3尾(2球) 4尾(2球)	27	20
103005	2014-01-16	34	38	23	13	14	37	07	3:3	159	27	13,14 37,38	3尾(2球) 4尾(2球)	25	29
103006	2014-01-20	36	04	23	09	37	21	03	4:2	130	22	36,37		33	30
103007	2014-01-23	31	29	26	32	12	28	06	2:4	158	26	28,29 31,32	2尾(2球)	20	28
103008	2014-01-27	38	36	20	28	26	08	08	0:6	156	26		6尾(2球) 8尾(3球)	30	36
103009	2014-01-30	10	14	16	06	11	30	01	1:5	87	15	10,11	0尾(2球) 6尾(2球)	24	17
103010	2014-02-03	28	37	19	24	21	17	06	4:2	146	24		7尾(2球)	20	36
103011	2014-02-06	02	08	25	35	29	36	02	3:3	135	23	35,36	5尾(2球)	34	35
103012	2014-02-10	13	27	20	25	28	33	01	4:2	146	24	27,28	3尾(2球)	20	26
103013	2014-02-13	16	35	36	20	06	08	08	1:5	121	20	35,36	6尾(3球)	30	31
103014	2014-02-17	33	14	12	37	17	08	05	3:3	121	20		7尾(2球)	29	31
103015	2014-02-20	30	01	10	03	18	13	01	3:3	75	13		0尾(2球) 3尾(2球)	29	15
103016	2014-02-24	29	10	36	27	23	15	05	4:2	140	23			26	30
103017	2014-02-27	23	26	04	08	20	21	05	2:4	102	17	20,21		22	22
103018	2014-03-03	09	13	05	01	37	28	05	5:1	93	16			36	33
103019	2014-03-06	27	08	20	28	13	15	04	3:3	111	19	27,28	8尾(2球)	20	31
103020	2014-03-10	11	29	18	27	22	28	04	3:3	135	23	27,28,29	8尾(2球)	18	35
103021	2014-03-13	30	19	21	27	15	11	04	5:1	123	21		1尾(2球)	19	23
103022	2014-03-17	27	12	22	15	28	02	05	2:4	106	18	27,28	2尾(3球)	26	26
103023	2014-03-20	37	18	08	25	01	35	05	4:2	124	21		5尾(2球) 8尾(2球)	36	34
103024	2014-03-24	24	35	31	14	06	37	01	3:3	147	25		4尾(2球)	31	27
103025	2014-03-27	38	19	15	37	04	22	05	3:3	135	23	37,38		34	35
103026	2014-03-31	30	17	02	15	08	16	06	2:4	88	15	15,16,17		28	28
103027	2014-04-03	33	22	02	27	25	13	08	4:2	122	20		2尾(2球) 3尾(2球)	31	22
103028	2014-04-07	25	28	05	32	38	21	05	3:3	149	25		5尾(2球) 8尾(2球)	33	29
103029	2014-04-10	18	06	10	24	15	14	07	1:5	87	15	14,15	4尾(2球)	18	27
103030	2014-04-14	38	33	22	06	31	32	04	2:4	162	27	31,32,33	2尾(2球)	32	22
103031	2014-04-17	19	06	01	17	27	30	06	4:2	100	17		7尾(2球)	29	30
103032	2014-04-21	13	12	34	25	09	24	05	3:3	117	20	12,13 24,25	4尾(2球)	25	27
103033	2014-04-24	08	21	30	14	19	31	02	3:3	123	21	30,31	1尾(2球)	23	23
103034	2014-04-28	04	26	30	18	36	01	01	1:5	115	19		6尾(2球)	35	25
103035	2014-05-01	04	05	11	32	02	33	08	3:3	87	15	04,05 32,33	2尾(2球)	31	17
103036	2014-05-05	33	16	24	25	31	32	05	3:3	161	27	24,25 31,32,33		17	21
103037	2014-05-08	29	19	10	09	14	28	08	3:3	109	18	09,10 28,29	9尾(3球)	20	39
103038	2014-05-12	05	09	08	29	02	01	01	4:2	54	9	01,02 08,09	9尾(2球)	28	34
103039	2014-05-15	33	21	07	28	35	09	08	5:1	133	22			28	33
103040	2014-05-19	33	01	22	36	31	16	04	3:3	139	23		1尾(2球) 6尾(2球)	35	19
103041	2014-05-22	12	20	34	36	09	37	03	2:4	148	25	36,37		28	28
103042	2014-05-26	02	32	09	10	19	22	05	2:4	94	16	09,10	2尾(3球) 9尾(2球)	30	24
103043	2014-05-29	22	19	32	18	27	35	02	3:3	153	26	18,19	2尾(2球)	17	33
103044	2014-06-02	11	31	07	34	20	14	07	3:3	117	20		1尾(2球) 4尾(2球)	27	17
103045	2014-06-05	08	20	19	10	12	37	01	2:4	106	18	19,20	0尾(2球)	29	26
103046	2014-06-09	18	05	21	14	04	33	02	3:3	95	16	04,05	4尾(2球)	29	25
103047	2014-06-12	14	22	04	30	19	27	05	2:4	116	19		4尾(2球)	26	26
103048	2014-06-16	24	27	03	29	11	37	01	5:1	131	22		7尾(2球)	34	31
103049	2014-06-19	30	10	29	11	16	24	01	2:4	120	20	10,11 29,30	0尾(2球)	20	20
103050	2014-06-23	04	18	19	26	14	34	03	1:5	115	19	18,19	4尾(3球)	30	35
103051	2014-06-26	19	24	04	30	27	12	07	2:4	116	19		4尾(2球)	26	26
103052	2014-06-30	29	25	28	04	21	14	02	3:3	121	20	28,29	4尾(2球)	25	31
103053	2014-07-03	31	08	22	14	36	10	04	1:5	121	20			28	21
103054	2014-07-07	04	33	10	32	30	14	08	1:5	123	21	32,33	0尾(2球) 4尾(2球)	29	13
103055	2014-07-10	01	10	31	02	21	22	08	3:3	87	15	01,02 21,22	1尾(3球) 2尾(2球)	30	7
103056	2014-07-14	18	25	38	26	37	01	06	3:3	145	24	25,26 37,38	8尾(2球)	37	35
103057	2014-07-17	29	37	21	16	27	20	03	4:2	150	25	20,21	7尾(2球)	21	30
103058	2014-07-21	01	10	04	03	13	37	01	4:2	68	11	03,04	3尾(2球)	36	18
103059	2014-07-24	25	06	35	29	17	36	01	4:2	148	25	35,36	5尾(2球) 6尾(2球)	30	38
103060	2014-07-28	15	35	16	11	05	23	01	5:1	105	18	15,16	5尾(3球)	30	25
103061	2014-07-31	01	15	31	33	38	17	02	5:1	135	23		1尾(2球)	37	25
103062	2014-08-04	26	05	33	28	10	18	02	2:4	120	20		8尾(2球)	28	30
103063	2014-08-07	25	18	23	36	17	26	05	3:3	145	24	17,18 25,26	6尾(2球)	19	35
103064	2014-08-11	16	36	27	29	14	25	07	3:3	147	25		6尾(2球)	22	37
103065	2014-08-14	19	11	16	04	23	12	06	3:3	85	14	11,12		19	25
103066	2014-08-18	37	34	12	18	31	10	05	2:4	142	24			27	22
103067	2014-08-21	32	25	18	23	22	36	06	2:4	156	26	22,23	2尾(2球)	18	26
103068	2014-08-25	10	05	20	26	03	30	06	2:4	94	16		0尾(3球)	27	14
103069	2014-08-28	15	26	24	01	23	29	05	4:2	118	20	23,24		28	28
103070	2014-09-01	14	05	26	23	22	32	08	2:4	122	20	22,23	2尾(2球)	27	22
103071	2014-09-04	10	14	26	08	24	01	01	1:5	83	14		4尾(2球)	25	23
103072	2014-09-08	18	05	21	37	19	31	08	5:1	131	22	18,19	1尾(2球)	32	31
103073	2014-09-11	37	07	29	05	15	25	08	6:0	118	20		5尾(3球) 7尾(2球)	32	38
103074	2014-09-15	21	03	20	15	28	14	08	3:3	101	17	14,15 20,21		25	21
103075	2014-09-18	10	24	23	35	05	15	06	4:2	112	19	23,24	5尾(3球)	30	22
103076	2014-09-22	37	15	08	23	18	31	08	4:2	132	22		8尾(2球)	29	32
103077	2014-09-25	28	26	10	36	22	12	08	0:6	134	22		2尾(2球) 6尾(2球)	26	24
103078	2014-09-29	36	28	15	27	08	02	07	2:4	116	19	27,28	8尾(2球)	34	36
103079	2014-10-02	13	33	12	31	04	26	06	3:3	119	20	12,13	3尾(2球)	29	19
103080	2014-10-06	35	33	22	15	20	25	07	4:2	150	25		5尾(3球)	20	20
103081	2014-10-09	08	02	06	38	07	09	08	2:4	70	12	06,07,08,09	8尾(2球)	36	40
103082	2014-10-13	33	30	26	03	35	19	02	4:2	146	24		3尾(2球)	32	26
103083	2014-10-16	24	30	09	20	12	11	02	2:4	106	18	11,12	0尾(2球)	21	16
103084	2014-10-20	30	11	37	34	25	21	01	4:2	158	26		1尾(2球)	26	18
103085	2014-10-23	35	08	38	12	28	27	06	2:4	148	25	27,28	8尾(3球)	30	38
103086	2014-10-27	38	07	10	37	09	24	08	3:3	125	21	09,10 37,38	7尾(2球)	31	35
103087	2014-10-30	27	34	06	09	08	10	06	2:4	94	16	08,09,10		28	34
103088	2014-11-03	06	02	11	08	38	26	07	1:5	91	15		6尾(2球) 8尾(2球)	36	31
103089	2014-11-06	20	32	36	15	05	19	03	3:3	127	21	19,20	5尾(2球)	31	27
103090	2014-11-10	17	34	31	14	01	06	08	3:3	103	17		1尾(2球) 4尾(2球)	33	23
103091	2014-11-13	14	35	12	27	17	15	06	4:2	120	20	14,15	5尾(2球) 7尾(2球)	23	30
103092	2014-11-17	06	34	24	05	32	13	01	2:4	114	19	05,06	4尾(2球)	29	24
103093	2014-11-20	31	35	17	12	33	30	04	4:2	158	26	30,31		23	18
103094	2014-11-24	24	22	32	05	19	03	02	3:3	105	18		2尾(2球)	29	25
103095	2014-11-27	33	29	02	21	01	36	08	4:2	122	20	01,02	1尾(2球)	35	22
103096	2014-12-01	14	31	02	19	07	01	07	4:2	74	12	01,02	1尾(2球)	30	24
103097	2014-12-04	22	11	07	05	36	02	06	3:3	83	14		2尾(2球)	34	23
103098	2014-12-08	24	38	35	20	27	11	08	3:3	155	26			27	25
103099	2014-12-11	24	07	12	13	28	21	06	3:3	105	18	12,13		21	25
103100	2014-12-15	10	38	11	05	36	15	06	3:3	115	19	10,11	5尾(2球)	33	25
103101	2014-12-18	29	26	01	05	18	20	05	3:3	99	17			28	29
103102	2014-12-22	19	05	13	37	01	04	02	5:1	79	13	04,05		36	29
103103	2014-12-25	10	36	14	23	06	03	01	2:4	92	15		3尾(2球) 6尾(2球)	33	22
103104	2014-12-29	09	37	02	10	04	11	02	3:3	73	12	09,10,11		35	23
104001	2015-01-01	01	03	05	11	17	21	02	6:0	58	10		1尾(3球)	20	18
104002	2015-01-05	34	23	01	06	26	15	06	3:3	105	18		6尾(2球)	33	25
104003	2015-01-08	29	13	38	17	36	03	07	4:2	136	23		3尾(2球)	35	36
104004	2015-01-12	36	37	30	25	35	16	05	3:3	179	30	35,36,37	5尾(2球) 6尾(2球)	21	29
104005	2015-01-15	29	28	16	37	01	03	02	4:2	114	19	28,29		36	34
104006	2015-01-19	04	33	21	08	32	09	02	3:3	107	18	08,09 32,33		29	27
104007	2015-01-22	18	36	27	26	30	14	05	1:5	151	25	26,27	6尾(2球)	22	31
104008	2015-01-26	12	25	04	38	24	33	04	2:4	136	23	24,25	4尾(2球)	34	26
104009	2015-01-29	01	29	18	04	30	14	08	2:4	96	16	29,30	4尾(2球)	29	26
104010	2015-02-02	26	17	04	27	01	24	07	3:3	99	17	26,27	4尾(2球) 7尾(2球)	26	29
104011	2015-02-05	37	03	25	16	10	29	01	4:2	120	20			34	30
104012	2015-02-09	15	34	16	01	04	03	02	3:3	73	12	03,04 15,16	4尾(2球)	33	23
104013	2015-02-12	07	36	08	10	33	25	03	3:3	119	20	07,08		29	29
104014	2015-02-16	30	07	23	04	05	24	02	3:3	93	16	04,05 23,24	4尾(2球)	26	23
104015	2015-02-19	12	38	23	13	04	15	04	3:3	105	18	12,13	3尾(2球)	34	25
104016	2015-02-23	35	38	34	31	05	13	02	4:2	156	26	34,35	5尾(2球)	33	26
104017	2015-02-26	21	32	37	08	22	26	04	2:4	146	24	21,22	2尾(2球)	29	26
104018	2015-03-02	36	11	09	12	31	21	07	4:2	120	20	11,12	1尾(3球)	27	20
104019	2015-03-05	02	26	24	13	04	08	02	1:5	77	13		4尾(2球)	24	27
104020	2015-03-09	21	18	16	12	03	36	03	2:4	106	18		6尾(2球)	33	26
104021	2015-03-12	01	02	30	27	14	22	01	2:4	96	16	01,02	2尾(2球)	29	16
104022	2015-03-16	30	05	08	20	34	22	08	1:5	119	20		0尾(2球)	29	19
104023	2015-03-19	06	34	35	30	38	17	02	2:4	160	27	34,35		32	30
104024	2015-03-23	17	27	10	18	12	32	05	2:4	116	19	17,18	2尾(2球) 7尾(2球)	22	26
104025	2015-03-26	38	24	36	26	06	14	03	0:6	144	24		4尾(2球) 6尾(3球)	32	34
104026	2015-03-30	08	24	01	10	19	23	05	3:3	85	14	23,24		23	25
104027	2015-04-02	18	37	19	01	12	08	05	3:3	95	16	18,19	8尾(2球)	36	35
104028	2015-04-06	22	20	01	07	25	32	08	3:3	107	18		2尾(2球)	31	17
104029	2015-04-09	11	28	06	15	02	12	02	2:4	74	12	11,12	2尾(2球)	26	24
104030	2015-04-13	20	37	23	05	12	32	02	3:3	129	22		2尾(2球)	32	19
104031	2015-04-16	35	29	26	28	08	03	03	3:3	129	22	28,29	8尾(2球)	32	39
104032	2015-04-20	22	25	21	26	11	24	06	3:3	129	22	21,22 24,25,26	1尾(2球)	15	19
104033	2015-04-23	11	09	25	15	28	38	03	4:2	126	21		5尾(2球) 8尾(2球)	29	36
104034	2015-04-27	34	02	26	12	14	37	02	1:5	125	21		2尾(2球) 4尾(2球)	35	25
104035	2015-04-30	32	26	35	13	23	12	04	3:3	141	24	12,13	2尾(2球) 3尾(2球)	23	21
104036	2015-05-04	08	25	06	33	13	16	03	3:3	101	17		3尾(2球) 6尾(2球)	27	31
104037	2015-05-07	18	26	07	27	13	24	06	3:3	115	19	26,27	7尾(2球)	20	35
104038	2015-05-11	10	05	03	31	23	30	04	4:2	102	17	30,31	0尾(2球) 3尾(2球)	28	12
104039	2015-05-14	35	30	22	15	16	10	05	2:4	128	21	15,16	0尾(2球) 5尾(2球)	25	18
104040	2015-05-18	05	23	06	38	17	13	08	4:2	102	17	05,06	3尾(2球)	33	32
104041	2015-05-21	06	37	01	15	12	25	02	4:2	96	16		5尾(2球)	36	26
104042	2015-05-25	04	30	07	38	25	11	04	3:3	115	19			34	25
104043	2015-05-28	19	25	33	22	31	21	01	5:1	151	25	21,22	1尾(2球)	14	21
104044	2015-06-01	32	34	23	37	02	25	06	3:3	153	26		2尾(2球)	35	23
104045	2015-06-04	24	33	35	21	03	15	02	5:1	131	22		3尾(2球) 5尾(2球)	32	21
104046	2015-06-08	28	19	10	06	13	11	01	3:3	87	15	10,11		22	27
104047	2015-06-11	26	24	09	27	37	38	06	3:3	161	27	26,27 37,38	7尾(2球)	29	41
104048	2015-06-15	07	25	31	04	35	08	08	4:2	110	18	07,08	5尾(2球)	31	30
104049	2015-06-18	21	13	08	17	05	38	05	4:2	102	17		8尾(2球)	33	32
104050	2015-06-22	27	26	19	03	11	05	02	5:1	91	15	26,27		24	31
104051	2015-06-25	37	17	27	03	08	10	08	4:2	102	17		7尾(3球)	34	32
104052	2015-06-29	29	26	07	24	25	27	07	4:2	138	23	24,25,26,27	7尾(2球)	22	38
104053	2015-07-02	36	37	31	07	29	23	08	5:1	163	27	36,37	7尾(2球)	30	33
104054	2015-07-06	27	11	12	07	22	14	03	3:3	93	16	11,12	2尾(2球) 7尾(2球)	20	23
104055	2015-07-09	36	15	03	32	27	04	05	3:3	117	20	03,04		33	27
104056	2015-07-13	17	27	31	29	12	01	06	5:1	117	20		1尾(2球) 7尾(2球)	30	27
104057	2015-07-16	02	01	31	24	38	07	08	3:3	103	17	01,02	1尾(2球)	37	23
104058	2015-07-20	33	16	13	37	28	35	08	4:2	162	27		3尾(2球)	24	32
104059	2015-07-23	11	02	29	18	03	16	04	3:3	79	13	02,03		27	29
104060	2015-07-27	30	26	07	04	23	36	07	2:4	126	21		6尾(2球)	32	26
104061	2015-07-30	03	09	23	24	16	11	04	4:2	86	14	23,24	3尾(2球)	21	26
104062	2015-08-03	38	18	30	17	28	36	04	1:5	167	28	17,18	8尾(3球)	21	37
104063	2015-08-06	09	08	24	22	06	14	03	1:5	83	14	08,09	4尾(2球)	18	33
104064	2015-08-10	20	06	18	38	16	24	07	0:6	122	20		6尾(2球) 8尾(2球)	32	32
104065	2015-08-13	33	13	25	27	29	06	01	5:1	133	22		3尾(2球)	27	33
104066	2015-08-17	19	23	33	15	28	27	02	5:1	145	24	27,28	3尾(2球)	18	35
104067	2015-08-20	33	24	03	07	20	21	08	4:2	108	18	20,21	3尾(2球)	30	18
104068	2015-08-24	17	31	18	22	13	29	03	4:2	130	22	17,18		18	30
104069	2015-08-27	30	17	02	27	34	23	01	3:3	133	22		7尾(2球)	32	23
104070	2015-08-31	36	15	12	37	31	24	06	3:3	155	26	36,37		25	25
104071	2015-09-03	33	04	05	03	16	15	06	4:2	76	13	03,04,05 15,16	3尾(2球) 5尾(2球)	30	26
104072	2015-09-07	25	34	28	24	31	07	03	3:3	149	25	24,25	4尾(2球)	27	29
104073	2015-09-10	32	15	25	34	26	22	04	2:4	154	26	25,26	2尾(2球) 5尾(2球)	19	24
104074	2015-09-14	09	19	27	21	37	23	08	6:0	136	23		7尾(2球) 9尾(2球)	28	36
104075	2015-09-17	34	35	27	09	24	11	04	4:2	140	23	34,35	4尾(2球)	26	30
104076	2015-09-21	33	01	11	05	25	02	04	5:1	77	13	01,02	1尾(2球) 5尾(2球)	32	17
104077	2015-09-24	24	05	03	13	16	26	03	3:3	87	15		3尾(2球) 6尾(2球)	23	27
104078	2015-09-28	12	05	27	22	13	30	08	3:3	109	18	12,13	2尾(2球)	25	19
104079	2015-10-01	16	14	23	02	06	31	03	2:4	92	15		6尾(2球)	29	22
104080	2015-10-05	20	37	30	22	32	36	01	1:5	177	30	36,37	0尾(2球) 2尾(2球)	17	17
104081	2015-10-08	22	19	07	09	16	10	08	3:3	83	14	09,10	9尾(2球)	15	33
104082	2015-10-12	04	19	35	33	31	23	02	5:1	145	24		3尾(2球)	31	25
104083	2015-10-15	24	09	31	10	36	35	07	3:3	145	24	09,10 35,36		27	25
104084	2015-10-19	17	04	37	32	27	25	01	4:2	142	24		7尾(3球)	33	32
104085	2015-10-22	33	16	26	24	04	08	06	1:5	111	19		4尾(2球) 6尾(2球)	29	31
104086	2015-10-26	19	31	09	02	32	20	07	3:3	113	19	19,20 31,32	2尾(2球) 9尾(2球)	30	23
104087	2015-10-29	10	19	11	03	18	33	05	4:2	94	16	10,11 18,19	3尾(2球)	30	24
104088	2015-11-02	03	21	36	28	25	14	03	3:3	127	21			33	27
104089	2015-11-05	37	11	01	24	20	12	08	3:3	105	18	11,12	1尾(2球)	36	15
104090	2015-11-09	13	07	28	33	06	26	05	3:3	113	19	06,07	3尾(2球) 6尾(2球)	27	33
104091	2015-11-12	33	01	02	29	15	13	03	5:1	93	16	01,02	3尾(2球)	32	23
104092	2015-11-16	15	22	02	23	20	09	05	3:3	91	15	22,23	2尾(2球)	21	21
104093	2015-11-19	28	05	03	35	27	37	05	5:1	135	23	27,28	5尾(2球) 7尾(2球)	34	35
104094	2015-11-23	15	09	05	19	22	01	05	5:1	71	12		5尾(2球) 9尾(2球)	21	31
104095	2015-11-26	07	05	19	04	38	03	04	4:2	76	13	03,04,05		35	36
104096	2015-11-30	20	04	13	38	27	33	01	3:3	135	23		3尾(2球)	34	25
104097	2015-12-03	08	07	20	30	19	17	02	3:3	101	17	07,08 19,20	0尾(2球) 7尾(2球)	23	31
104098	2015-12-07	34	23	19	32	20	13	04	3:3	141	24	19,20	3尾(2球)	21	21
104099	2015-12-10	34	11	12	30	26	32	08	1:5	145	24	11,12	2尾(2球)	23	15
104100	2015-12-14	09	02	07	06	16	25	01	3:3	65	11	06,07	6尾(2球)	23	35
104101	2015-12-17	06	15	08	13	17	29	05	4:2	88	15			23	38
104102	2015-12-21	06	01	20	14	38	11	05	2:4	90	15		1尾(2球)	37	20
104103	2015-12-24	29	34	17	13	23	27	05	5:1	143	24		3尾(2球) 7尾(2球)	21	33
104104	2015-12-28	30	37	12	05	11	26	05	3:3	121	20	11,12		32	21
104105	2015-12-31	37	13	22	26	31	03	06	4:2	132	22		3尾(2球)	34	22
105001	2016-01-04	13	29	11	18	26	28	07	3:3	125	21	28,29	8尾(2球)	18	35
105002	2016-01-07	14	05	28	35	34	38	06	2:4	154	26	34,35	4尾(2球) 5尾(2球) 8尾(2球)	33	34
105003	2016-01-11	19	33	34	35	36	27	04	4:2	184	31	33,34,35,36		17	34
105004	2016-01-14	09	11	34	27	17	13	06	5:1	111	19		7尾(2球)	25	31
105005	2016-01-18	16	32	17	01	30	29	07	3:3	125	21	16,17 29,30		31	25
105006	2016-01-21	15	18	06	35	22	34	03	2:4	130	22	34,35	5尾(2球)	29	30
105007	2016-01-25	24	20	32	25	29	23	08	3:3	153	26	23,24,25		12	23
105008	2016-01-28	30	26	03	36	09	23	05	3:3	127	21		3尾(2球) 6尾(2球)	33	27
105009	2016-02-01	34	32	26	19	03	20	08	2:4	134	22	19,20		31	24
105010	2016-02-04	07	32	37	22	34	13	07	3:3	145	24		2尾(2球) 7尾(2球)	30	25
105011	2016-02-08	01	23	19	11	04	08	03	4:2	66	11		1尾(2球)	22	26
105012	2016-02-11	25	30	01	20	33	16	01	3:3	125	21		0尾(2球)	32	15
105013	2016-02-15	03	28	07	09	32	20	05	3:3	99	17			29	29
105014	2016-02-18	27	36	20	37	23	08	04	3:3	151	25	36,37	7尾(2球)	29	31
105015	2016-02-22	19	12	30	04	23	33	05	3:3	121	20		3尾(2球)	29	21
105016	2016-02-25	28	33	15	10	18	29	05	3:3	133	22	28,29	8尾(2球)	23	33
105017	2016-02-29	18	17	01	15	38	09	06	4:2	98	16	17,18	8尾(2球)	37	38
105018	2016-03-03	24	27	11	03	22	12	06	3:3	99	17	11,12	2尾(2球)	24	19
105019	2016-03-07	24	38	11	14	34	10	03	1:5	131	22	10,11	4尾(3球)	28	21
105020	2016-03-10	21	32	35	38	06	16	07	2:4	148	25		6尾(2球)	32	28
105021	2016-03-14	28	07	13	06	03	17	03	4:2	74	12	06,07	3尾(2球) 7尾(2球)	25	34
105022	2016-03-17	19	28	07	09	26	31	08	4:2	120	20		9尾(2球)	24	40
105023	2016-03-21	25	32	19	27	10	09	05	4:2	122	20	09,10	9尾(2球)	23	32
105024	2016-03-24	31	03	24	08	16	38	06	2:4	120	20		8尾(2球)	35	30
105025	2016-03-28	14	16	34	08	27	04	02	1:5	103	17		4尾(3球)	30	33
105026	2016-03-31	26	28	07	02	11	25	04	3:3	99	17	25,26		26	29
105027	2016-04-04	37	29	08	16	14	02	06	2:4	106	18			35	36
105028	2016-04-07	29	36	06	33	03	26	05	3:3	133	22		3尾(2球) 6尾(3球)	33	33
105029	2016-04-11	02	21	15	23	36	31	01	4:2	128	21		1尾(2球)	34	18
105030	2016-04-14	28	30	15	29	38	22	07	2:4	162	27	28,29,30	8尾(2球)	23	32
105031	2016-04-18	04	08	21	35	12	17	08	3:3	97	16			31	27
105032	2016-04-21	16	15	27	23	30	13	02	4:2	124	21	15,16	3尾(2球)	17	24
105033	2016-04-25	08	21	07	27	10	34	04	3:3	107	18	07,08	7尾(2球)	27	27
105034	2016-04-28	37	06	08	15	01	24	07	3:3	91	15			36	31
105035	2016-05-02	17	09	28	18	22	15	06	3:3	109	18	17,18	8尾(2球)	19	39
105036	2016-05-05	18	19	16	14	09	02	06	2:4	78	13	18,19	9尾(2球)	17	38
105037	2016-05-09	38	37	30	20	14	04	04	1:5	143	24	37,38	0尾(2球) 4尾(2球)	34	23
105038	2016-05-12	19	32	22	12	01	15	05	3:3	101	17		2尾(3球)	31	21
105039	2016-05-16	28	21	27	09	38	11	04	4:2	134	22	27,28	1尾(2球) 8尾(2球)	29	34
105040	2016-05-19	01	32	16	10	30	23	02	2:4	112	19		0尾(2球)	31	12
105041	2016-05-23	14	38	35	15	03	11	02	4:2	116	19	14,15	5尾(2球)	35	26
105042	2016-05-26	05	25	24	03	28	12	06	3:3	97	16	24,25	5尾(2球)	25	27
105043	2016-05-30	12	38	03	17	27	28	04	3:3	125	21	27,28	7尾(2球) 8尾(2球)	35	35
105044	2016-06-02	16	17	11	33	34	38	08	3:3	149	25	16,17 33,34		27	29
105045	2016-06-06	24	29	06	13	14	38	08	2:4	124	21	13,14	4尾(2球)	32	34
105046	2016-06-09	24	38	27	12	35	10	06	2:4	146	24			28	26
105047	2016-06-13	03	21	14	36	10	23	03	3:3	107	18		3尾(2球)	33	17
105048	2016-06-16	02	19	11	31	09	35	04	5:1	107	18		1尾(2球) 9尾(2球)	33	27
105049	2016-06-20	06	07	09	32	02	21	04	3:3	77	13	06,07	2尾(2球)	30	27
105050	2016-06-23	31	12	33	08	15	05	05	4:2	104	17		5尾(2球)	28	24
105051	2016-06-27	27	14	29	26	19	18	06	3:3	133	22	18,19 26,27	9尾(2球)	15	43
105052	2016-06-30	06	23	22	31	16	34	08	2:4	132	22	22,23	6尾(2球)	28	22
105053	2016-07-04	34	33	29	21	01	31	02	5:1	149	25	33,34	1尾(3球)	33	19
105054	2016-07-07	27	05	02	17	11	23	02	5:1	85	14		7尾(2球)	25	25
105055	2016-07-11	38	05	14	10	34	31	02	2:4	132	22		4尾(2球)	33	22
105056	2016-07-14	07	36	37	27	25	31	07	5:1	163	27	36,37	7尾(3球)	30	33
105057	2016-07-18	09	26	30	14	37	01	06	3:3	117	20			36	27
105058	2016-07-21	20	23	38	29	22	13	08	3:3	145	24	22,23	3尾(2球)	25	25
105059	2016-07-25	26	14	06	31	05	38	06	2:4	120	20	05,06	6尾(2球)	33	30
105060	2016-07-28	21	08	17	37	03	06	01	4:2	92	15		7尾(2球)	34	32
105061	2016-08-01	26	35	01	18	38	22	02	2:4	140	23		8尾(2球)	37	30
105062	2016-08-04	32	06	17	38	14	18	02	1:5	125	21	17,18	8尾(2球)	32	35
105063	2016-08-08	21	01	02	12	35	16	03	3:3	87	15	01,02	1尾(2球) 2尾(2球)	34	17
105064	2016-08-11	01	22	37	31	35	33	03	5:1	159	27		1尾(2球)	36	19
105065	2016-08-15	08	38	14	30	28	05	05	1:5	123	21		8尾(3球)	33	33
105066	2016-08-18	08	01	22	17	26	24	06	2:4	98	16			25	28
105067	2016-08-22	16	26	29	23	33	12	07	3:3	139	23		3尾(2球) 6尾(2球)	21	29
105068	2016-08-25	31	13	01	33	30	37	08	5:1	145	24	30,31	1尾(2球) 3尾(2球)	36	15
105069	2016-08-29	08	32	34	29	07	23	05	3:3	133	22	07,08		27	33
105070	2016-09-01	18	21	37	14	29	10	05	3:3	129	22			27	29
105071	2016-09-05	07	04	21	35	25	37	04	5:1	129	22		5尾(2球) 7尾(2球)	33	29
105072	2016-09-08	18	27	31	10	21	33	03	4:2	140	23		1尾(2球)	23	20
105073	2016-09-12	09	11	36	13	33	23	03	5:1	125	21		3尾(3球)	27	25
105074	2016-09-15	17	04	37	03	29	06	07	4:2	96	16	03,04	7尾(2球)	34	36
105075	2016-09-19	31	15	07	12	08	18	06	3:3	91	15	07,08	8尾(2球)	24	31
105076	2016-09-22	25	19	24	37	15	14	06	4:2	134	22	14,15 24,25	4尾(2球) 5尾(2球)	23	34
105077	2016-09-26	10	20	05	22	36	11	06	2:4	104	17	10,11	0尾(2球)	31	14
105078	2016-09-29	13	02	06	37	28	20	02	2:4	106	18			35	26
105079	2016-10-03	32	07	26	02	36	27	02	2:4	130	22	26,27	2尾(2球) 6尾(2球) 7尾(2球)	34	30
105080	2016-10-06	05	34	14	33	19	07	03	4:2	112	19	33,34	4尾(2球)	29	32
105081	2016-10-10	20	29	38	07	34	11	04	3:3	139	23			31	29
105082	2016-10-13	05	02	10	36	33	06	03	2:4	92	15	05,06	6尾(2球)	34	22
105083	2016-10-17	01	20	06	10	23	35	06	3:3	95	16		0尾(2球)	34	15
105084	2016-10-20	23	13	29	24	04	19	05	4:2	112	19	23,24	3尾(2球) 4尾(2球) 9尾(2球)	25	32
105085	2016-10-24	01	08	05	27	06	14	04	3:3	61	10	05,06		26	31
105086	2016-10-27	26	12	31	05	33	11	07	4:2	118	20	11,12	1尾(2球)	28	18
105087	2016-10-31	15	24	10	27	34	20	08	2:4	130	22		0尾(2球) 4尾(2球)	24	20
105088	2016-11-03	21	04	26	05	14	36	05	2:4	106	18	04,05	4尾(2球) 6尾(2球)	32	26
105089	2016-11-07	30	09	29	19	34	22	04	3:3	143	24	29,30	9尾(3球)	25	33
105090	2016-11-10	29	04	27	01	05	15	04	5:1	81	14	04,05	5尾(2球)	28	31
105091	2016-11-14	05	17	13	15	30	06	07	4:2	86	14	05,06	5尾(2球)	25	26
105092	2016-11-17	08	07	29	28	38	37	01	3:3	147	25	07,08 28,29 37,38	7尾(2球) 8尾(3球)	31	47
105093	2016-11-21	28	23	32	10	14	36	02	1:5	143	24			26	23
105094	2016-11-24	10	28	01	16	15	07	02	3:3	77	13	15,16		27	27
105095	2016-11-28	18	13	30	36	32	26	03	1:5	155	26		6尾(2球)	23	25
105096	2016-12-01	18	38	05	27	34	12	05	2:4	134	22		8尾(2球)	33	34
105097	2016-12-05	32	30	23	13	33	35	08	4:2	166	28	32,33	3尾(3球)	22	16
105098	2016-12-08	22	08	01	30	16	18	06	1:5	95	16		8尾(2球)	29	25
105099	2016-12-12	26	11	20	31	05	15	04	4:2	108	18		1尾(2球) 5尾(2球)	26	18
105100	2016-12-15	02	33	13	36	09	04	06	3:3	97	16		3尾(2球)	34	27
105101	2016-12-19	34	06	12	28	23	09	05	2:4	112	19			28	32
105102	2016-12-22	38	10	29	32	16	09	06	2:4	134	22	09,10	9尾(2球)	29	34
105103	2016-12-26	36	11	24	31	22	07	03	3:3	131	22		1尾(2球)	29	21
105104	2016-12-29	21	17	08	15	31	11	07	5:1	103	17		1尾(3球)	23	23
106001	2017-01-02	31	04	09	34	21	07	02	4:2	106	18		1尾(2球) 4尾(2球)	30	26
106002	2017-01-05	18	13	07	24	37	29	07	4:2	128	21		7尾(2球)	30	38
106003	2017-01-09	35	24	15	04	36	08	06	2:4	122	20	35,36	4尾(2球) 5尾(2球)	32	32
106004	2017-01-12	31	02	17	07	32	10	03	3:3	99	17	31,32	2尾(2球) 7尾(2球)	30	19
106005	2017-01-16	16	20	24	15	23	18	03	2:4	116	19	15,16 23,24		9	26
106006	2017-01-19	26	07	36	03	25	35	05	4:2	132	22	25,26 35,36	5尾(2球) 6尾(2球)	33	32
106007	2017-01-23	24	08	02	07	05	15	07	3:3	61	10	07,08	5尾(2球)	22	31
106008	2017-01-26	08	02	38	17	24	16	05	1:5	105	18	16,17	8尾(2球)	36	35
106009	2017-01-30	08	03	10	07	18	31	04	3:3	77	13	07,08	8尾(2球)	28	27
106010	2017-02-02	37	10	20	30	09	01	03	3:3	107	18	09,10	0尾(3球)	36	17
106011	2017-02-06	21	02	33	15	34	20	03	3:3	125	21	20,21 33,34		32	15
106012	2017-02-09	36	28	25	01	30	03	02	3:3	123	21			35	23
106013	2017-02-13	25	21	22	04	33	09	07	4:2	114	19	21,22		29	24
106014	2017-02-16	20	06	14	24	12	15	07	1:5	91	15	14,15	4尾(2球)	18	21
106015	2017-02-20	35	16	38	17	24	12	04	2:4	142	24	16,17		26	32
106016	2017-02-23	06	01	29	02	16	11	07	3:3	65	11	01,02	1尾(2球) 6尾(2球)	28	25
106017	2017-02-27	18	32	37	25	38	20	01	2:4	170	28	37,38	8尾(2球)	20	30
106018	2017-03-02	19	03	28	14	08	34	02	2:4	106	18		4尾(2球) 8尾(2球)	31	36
106019	2017-03-06	23	11	07	26	25	06	04	4:2	98	16	06,07 25,26	6尾(2球)	20	28
106020	2017-03-09	32	18	20	06	07	24	07	1:5	107	18	06,07		26	27
106021	2017-03-13	05	32	13	30	23	14	02	3:3	117	20	13,14	3尾(2球)	27	17
106022	2017-03-16	08	11	02	21	15	20	02	3:3	77	13	20,21	1尾(2球)	19	17
106023	2017-03-20	35	03	04	38	29	27	02	4:2	136	23	03,04		35	36
106024	2017-03-23	07	18	14	29	08	15	02	3:3	91	15	07,08 14,15	8尾(2球)	22	41
106025	2017-03-27	34	35	38	05	22	12	02	2:4	146	24	34,35	2尾(2球) 5尾(2球)	33	26
106026	2017-03-30	12	37	10	31	16	05	07	3:3	111	19			32	21
106027	2017-04-03	33	26	15	01	13	22	06	4:2	110	18		3尾(2球)	32	20
106028	2017-04-06	02	37	01	33	07	36	05	4:2	116	19	01,02 36,37	7尾(2球)	36	26
106029	2017-04-10	12	18	06	10	38	08	03	0:6	92	15		8尾(3球)	32	32
106030	2017-04-13	19	07	09	37	30	01	04	5:1	103	17		7尾(2球) 9尾(2球)	36	33
106031	2017-04-17	34	23	11	35	02	24	04	3:3	129	22	23,24 34,35	4尾(2球)	33	19
106032	2017-04-20	16	35	24	19	01	14	08	3:3	109	18		4尾(2球)	34	29
106033	2017-04-24	35	24	12	06	01	25	06	3:3	103	17	24,25	5尾(2球)	34	23
106034	2017-04-27	06	24	04	18	26	11	04	1:5	89	15		4尾(2球) 6尾(2球)	22	29
106035	2017-05-01	07	23	16	04	17	02	01	3:3	69	12	16,17	7尾(2球)	21	29
106036	2017-05-04	13	09	04	14	19	37	02	4:2	96	16	13,14	4尾(2球) 9尾(2球)	33	36
106037	2017-05-08	17	07	38	03	14	26	07	3:3	105	18		7尾(2球)	35	35
106038	2017-05-11	28	12	04	06	37	29	03	2:4	116	19	28,29		33	36
106039	2017-05-15	12	27	11	31	06	14	04	3:3	101	17	11,12	1尾(2球)	25	21
106040	2017-05-18	04	30	32	15	17	01	03	3:3	99	17			31	19
106041	2017-05-22	05	10	11	36	02	38	03	2:4	102	17	10,11		36	22
106042	2017-05-25	15	24	07	22	26	34	01	2:4	128	21		4尾(2球)	27	28
106043	2017-05-29	01	20	08	37	13	11	01	4:2	90	15		1尾(2球)	36	20
106044	2017-06-01	05	01	34	08	31	35	02	4:2	114	19	34,35	1尾(2球) 5尾(2球)	34	24
106045	2017-06-05	04	16	15	02	25	36	03	2:4	98	16	15,16	5尾(2球) 6尾(2球)	34	28
106046	2017-06-08	26	11	09	29	01	08	04	4:2	84	14	08,09	1尾(2球) 9尾(2球)	28	34
106047	2017-06-12	20	09	07	15	30	31	05	4:2	112	19	30,31	0尾(2球)	24	22
106048	2017-06-15	13	23	08	28	35	34	02	3:3	141	24	34,35	3尾(2球) 8尾(2球)	27	31
106049	2017-06-19	21	06	13	30	24	09	05	3:3	103	17			24	23
106050	2017-06-22	20	03	12	06	18	35	02	2:4	94	16			32	24
106051	2017-06-26	31	27	17	37	20	19	03	5:1	151	25	19,20	7尾(3球)	20	31
106052	2017-06-29	36	07	04	19	25	20	08	3:3	111	19	19,20		32	31
106053	2017-07-03	32	07	31	08	11	03	03	4:2	92	15	07,08 31,32	1尾(2球)	29	22
106054	2017-07-06	12	21	30	34	08	35	05	2:4	140	23	34,35		27	20
106055	2017-07-10	14	05	28	16	21	22	05	2:4	106	18	21,22		23	26
106056	2017-07-13	33	30	16	18	19	13	03	3:3	129	22	18,19	3尾(2球)	20	29
106057	2017-07-17	11	25	10	38	06	32	03	2:4	122	20	10,11		32	22
106058	2017-07-20	22	13	15	35	10	09	03	4:2	104	17	09,10	5尾(2球)	26	24
106059	2017-07-24	19	32	25	34	05	29	08	4:2	144	24		5尾(2球) 9尾(2球)	29	34
106060	2017-07-27	15	11	34	17	26	29	01	4:2	132	22			23	32
106061	2017-07-31	29	35	01	38	09	08	01	4:2	120	20	08,09	8尾(2球) 9尾(2球)	37	40
106062	2017-08-03	18	25	37	17	01	21	01	5:1	119	20	17,18	1尾(2球) 7尾(2球)	36	29
106063	2017-08-07	06	22	07	25	37	04	04	3:3	101	17	06,07	7尾(2球)	33	31
106064	2017-08-10	30	05	32	22	01	12	08	2:4	102	17		2尾(3球)	31	12
106065	2017-08-14	08	19	01	13	35	30	05	4:2	106	18			34	26
106066	2017-08-17	11	09	13	12	24	30	04	3:3	99	17	11,12,13		21	19
106067	2017-08-21	17	31	20	01	26	03	02	4:2	98	16		1尾(2球)	30	18
106068	2017-08-24	30	22	15	12	17	04	03	2:4	100	17		2尾(2球)	26	20
106069	2017-08-28	15	04	17	10	28	16	01	2:4	90	15	15,16,17		24	30
106070	2017-08-31	18	05	02	14	08	09	04	2:4	56	9	08,09	8尾(2球)	16	36
106071	2017-09-04	10	14	15	18	08	29	02	2:4	94	16	14,15	8尾(2球)	21	34
106072	2017-09-07	12	22	07	14	03	02	04	2:4	60	10	02,03	2尾(3球)	20	20
106073	2017-09-11	03	34	32	26	21	01	02	3:3	117	20		1尾(2球)	33	17
106074	2017-09-14	25	13	26	05	22	31	05	4:2	122	20	25,26	5尾(2球)	26	22
106075	2017-09-18	26	37	08	22	04	02	01	1:5	99	17		2尾(2球)	35	29
106076	2017-09-21	04	23	06	11	18	16	04	2:4	78	13		6尾(2球)	19	28
106077	2017-09-25	04	15	03	34	16	24	04	2:4	96	16	03,04 15,16	4尾(3球)	31	26
106078	2017-09-28	04	25	34	01	36	18	01	2:4	118	20		4尾(2球)	35	28
106079	2017-10-02	03	34	13	38	26	17	08	3:3	131	22		3尾(2球)	35	31
106080	2017-10-05	30	07	12	08	06	28	01	1:5	91	15	06,07,08	8尾(2球)	24	31
106081	2017-10-09	15	19	20	17	24	27	08	4:2	122	20	19,20	7尾(2球)	12	32
106082	2017-10-12	25	20	27	33	17	04	06	4:2	126	21		7尾(2球)	29	26
106083	2017-10-16	16	25	02	09	07	17	07	4:2	76	13	16,17	7尾(2球)	23	36
106084	2017-10-19	10	08	21	11	12	06	06	2:4	68	11	10,11,12	1尾(2球)	15	18
106085	2017-10-23	11	35	17	33	30	10	08	4:2	136	23	10,11	0尾(2球)	25	16
106086	2017-10-26	24	34	26	05	07	38	03	2:4	134	22		4尾(2球)	33	34
106087	2017-10-30	19	13	14	38	24	32	01	2:4	140	23	13,14	4尾(2球)	25	30
106088	2017-11-02	09	19	26	02	29	31	01	4:2	116	19		9尾(3球)	29	36
106089	2017-11-06	31	09	01	21	27	16	05	5:1	105	18		1尾(3球)	30	25
106090	2017-11-09	19	20	18	23	08	37	08	3:3	125	21	18,19,20	8尾(2球)	29	35
106091	2017-11-13	15	04	28	17	20	25	01	3:3	109	18		5尾(2球)	24	29
106092	2017-11-16	11	38	20	21	13	01	02	4:2	104	17	20,21	1尾(3球)	37	14
106093	2017-11-20	26	09	37	30	16	18	05	2:4	136	23		6尾(2球)	28	36
106094	2017-11-23	14	34	17	28	29	20	05	2:4	142	24	28,29	4尾(2球)	20	32
106095	2017-11-27	14	20	13	10	17	21	02	3:3	95	16	13,14 20,21	0尾(2球)	11	15
106096	2017-11-30	08	34	13	28	29	07	02	3:3	119	20	07,08 28,29	8尾(2球)	27	39
106097	2017-12-04	20	26	24	19	36	17	03	2:4	142	24	19,20	6尾(2球)	19	32
106098	2017-12-07	20	17	03	22	04	07	05	3:3	73	12	03,04	7尾(2球)	19	23
106099	2017-12-11	38	16	15	03	23	10	03	3:3	105	18	15,16	3尾(2球)	35	25
106100	2017-12-14	30	01	12	24	06	25	03	2:4	98	16	24,25		29	18
106101	2017-12-18	28	03	01	24	17	07	07	4:2	80	13		7尾(2球)	27	30
106102	2017-12-21	23	36	03	08	24	22	04	2:4	116	19	22,23,24	3尾(2球)	33	26
106103	2017-12-25	15	10	16	02	21	12	05	2:4	76	13	15,16	2尾(2球)	19	16
106104	2017-12-28	14	23	29	01	28	18	07	3:3	113	19	28,29	8尾(2球)	28	33
107001	2018-01-01	13	15	37	30	16	32	06	3:3	143	24	15,16		24	23
107002	2018-01-04	12	21	02	24	34	37	05	2:4	130	22		2尾(2球) 4尾(2球)	35	20
107003	2018-01-08	03	06	31	11	26	38	06	3:3	115	19		1尾(2球) 6尾(2球)	35	25
107004	2018-01-11	05	19	38	25	12	08	03	3:3	107	18		5尾(2球) 8尾(2球)	33	37
107005	2018-01-15	13	16	32	26	06	33	03	2:4	126	21	32,33	3尾(2球) 6尾(3球)	27	26
107006	2018-01-18	11	38	16	05	23	17	02	4:2	110	18	16,17		33	30
107007	2018-01-22	06	38	28	13	10	09	06	2:4	104	17	09,10	8尾(2球)	32	34
107008	2018-01-25	20	29	14	36	38	09	04	2:4	146	24		9尾(2球)	29	36
107009	2018-01-29	26	32	02	37	33	08	07	2:4	138	23	32,33	2尾(2球)	35	28
107010	2018-02-01	02	26	17	36	19	13	06	3:3	113	19		6尾(2球)	34	33
107011	2018-02-05	09	27	25	10	24	33	02	4:2	128	21	09,10 24,25		24	28
107012	2018-02-08	06	24	14	04	11	18	05	1:5	77	13		4尾(3球)	20	27
107013	2018-02-12	33	17	25	01	08	06	02	4:2	90	15			32	30
107014	2018-02-15	01	15	08	19	14	11	03	4:2	68	11	14,15	1尾(2球)	18	28
107015	2018-02-19	05	26	36	12	08	30	04	1:5	117	20		6尾(2球)	31	27
107016	2018-02-22	05	27	16	07	18	03	01	4:2	76	13		7尾(2球)	24	36
107017	2018-02-26	06	19	26	33	12	05	06	3:3	101	17	05,06	6尾(2球)	28	31
107018	2018-03-01	32	31	25	12	36	22	02	2:4	158	26	31,32	2尾(3球)	24	18
107019	2018-03-05	38	13	20	31	12	22	02	2:4	136	23	12,13	2尾(2球)	26	16
107020	2018-03-08	01	31	24	12	25	35	04	4:2	128	21	24,25	1尾(2球) 5尾(2球)	34	18
107021	2018-03-12	19	13	08	36	02	22	01	2:4	100	17		2尾(2球)	34	30
107022	2018-03-15	04	24	01	16	28	19	06	2:4	92	15		4尾(2球)	27	32
107023	2018-03-19	34	13	23	38	21	16	06	3:3	145	24		3尾(2球)	25	25
107024	2018-03-22	15	13	34	24	33	08	07	3:3	127	21	33,34	3尾(2球) 4尾(2球)	26	27
107025	2018-03-26	14	15	22	32	11	13	02	3:3	107	18	13,14,15	2尾(2球)	21	17
107026	2018-03-29	36	13	14	08	19	24	02	2:4	114	19	13,14	4尾(2球)	28	34
107027	2018-04-02	22	28	30	18	09	29	02	2:4	136	23	28,29,30	8尾(2球) 9尾(2球)	21	36
107028	2018-04-05	15	19	38	06	34	37	03	3:3	149	25	37,38		32	39
107029	2018-04-09	23	03	21	01	13	38	02	5:1	99	17		1尾(2球) 3尾(3球)	37	19
107030	2018-04-12	12	09	21	10	37	24	07	3:3	113	19	09,10		28	23
107031	2018-04-16	20	38	24	19	32	23	01	2:4	156	26	19,20 23,24		19	26
107032	2018-04-19	18	15	09	33	29	04	07	4:2	108	18		9尾(2球)	29	38
107033	2018-04-23	36	03	13	21	07	16	07	4:2	96	16		3尾(2球) 6尾(2球)	33	26
107034	2018-04-26	26	35	27	18	08	19	02	3:3	133	22	18,19 26,27	8尾(2球)	27	43
107035	2018-04-30	04	18	08	12	16	22	02	0:6	80	13		2尾(2球) 8尾(2球)	18	30
107036	2018-05-03	06	26	09	12	10	18	05	1:5	81	14	09,10	6尾(2球)	20	31
107037	2018-05-07	28	05	33	15	35	08	06	4:2	124	21		5尾(3球) 8尾(2球)	30	34
107038	2018-05-10	13	36	22	09	08	18	08	2:4	106	18	08,09	8尾(2球)	28	36
107039	2018-05-14	12	27	30	32	05	37	07	3:3	143	24		2尾(2球) 7尾(2球)	32	23
107040	2018-05-17	11	38	22	24	10	17	04	2:4	122	20	10,11		28	22
107041	2018-05-21	35	04	36	07	16	21	01	3:3	119	20	35,36	6尾(2球)	32	29
107042	2018-05-24	22	29	38	24	15	05	08	3:3	133	22		5尾(2球)	33	33
107043	2018-05-28	26	14	09	12	32	20	06	1:5	113	19		2尾(2球)	23	23
107044	2018-05-31	26	02	23	03	38	13	07	3:3	105	18	02,03	3尾(3球)	36	25
107045	2018-06-04	31	04	25	33	17	27	07	5:1	137	23		7尾(2球)	29	27
107046	2018-06-07	01	31	18	24	30	27	04	3:3	131	22	30,31	1尾(2球)	30	21
107047	2018-06-11	23	16	27	20	04	17	04	3:3	107	18	16,17	7尾(2球)	23	27
107048	2018-06-14	06	23	05	12	32	20	02	2:4	98	16	05,06	2尾(2球)	27	18
107049	2018-06-18	09	01	10	07	17	16	06	4:2	60	10	09,10 16,17	7尾(2球)	16	30
107050	2018-06-21	14	31	36	24	34	19	02	2:4	158	26		4尾(3球)	22	28
107051	2018-06-25	33	27	35	38	06	22	08	3:3	161	27			32	31
107052	2018-06-28	28	25	18	06	24	15	05	2:4	116	19	24,25	5尾(2球) 8尾(2球)	22	36
107053	2018-07-02	02	11	04	19	07	32	05	3:3	75	13		2尾(2球)	30	25
107054	2018-07-05	15	22	27	19	38	03	06	4:2	124	21			35	34
107055	2018-07-09	20	10	23	01	07	24	01	3:3	85	14	23,24	0尾(2球)	23	15
107056	2018-07-12	12	04	25	27	14	16	03	2:4	98	16		4尾(2球)	23	28
107057	2018-07-16	29	11	19	33	05	07	06	6:0	104	17		9尾(2球)	28	34
107058	2018-07-19	01	24	30	26	08	37	05	2:4	126	21			36	26
107059	2018-07-23	23	04	17	28	03	32	01	3:3	107	18	03,04	3尾(2球)	29	27
107060	2018-07-26	31	25	08	24	06	22	02	2:4	116	19	24,25		25	26
107061	2018-07-30	10	03	09	24	31	28	06	3:3	105	18	09,10		28	25
107062	2018-08-02	10	06	20	25	14	26	04	1:5	101	17	25,26	0尾(2球) 6尾(2球)	20	21
107063	2018-08-06	34	13	20	38	27	05	02	3:3	137	23			33	27
107064	2018-08-09	29	26	36	09	10	03	05	3:3	113	19	09,10	6尾(2球) 9尾(2球)	33	33
107065	2018-08-13	35	03	25	16	19	36	02	4:2	134	22	35,36	5尾(2球) 6尾(2球)	33	34
107066	2018-08-16	19	33	34	38	27	24	06	3:3	175	29	33,34	4尾(2球)	19	35
107067	2018-08-20	19	08	13	35	04	30	04	3:3	109	18			31	29
107068	2018-08-23	11	36	02	20	18	15	06	2:4	102	17			34	22
107069	2018-08-27	31	38	13	22	03	04	04	3:3	111	19	03,04	3尾(2球)	35	21
107070	2018-08-30	29	33	36	19	05	04	02	4:2	126	21	04,05	9尾(2球)	32	36
107071	2018-09-03	01	17	13	12	29	09	03	5:1	81	14	12,13	9尾(2球)	28	31
107072	2018-09-06	22	32	24	25	23	34	02	2:4	160	27	22,23,24,25	2尾(2球) 4尾(2球)	12	20
107073	2018-09-10	33	24	36	10	22	31	05	2:4	156	26			26	16
107074	2018-09-13	14	21	24	29	31	32	05	3:3	151	25	31,32	1尾(2球) 4尾(2球)	18	21
107075	2018-09-17	02	24	15	12	03	21	03	3:3	77	13	02,03	2尾(2球)	22	17
107076	2018-09-20	32	25	31	35	22	34	02	3:3	179	30	31,32 34,35	2尾(2球) 5尾(2球)	13	19
107077	2018-09-24	07	28	06	09	22	33	01	3:3	105	18	06,07		27	35
107078	2018-09-27	02	32	24	04	38	23	01	1:5	123	21	23,24	2尾(2球) 4尾(2球)	36	23
107079	2018-10-01	18	02	37	21	25	31	08	4:2	134	22		1尾(2球)	35	24
107080	2018-10-04	26	24	15	28	06	30	03	1:5	129	22		6尾(2球)	24	29
107081	2018-10-08	36	21	24	16	09	29	03	3:3	135	23		6尾(2球) 9尾(2球)	27	35
107082	2018-10-11	19	21	06	14	16	12	06	2:4	88	15		6尾(2球)	15	28
107083	2018-10-15	13	28	04	03	20	23	07	3:3	91	15	03,04	3尾(3球)	25	21
107084	2018-10-18	35	32	20	04	12	36	01	1:5	139	23	35,36	2尾(2球)	32	19
107085	2018-10-22	15	07	14	11	06	34	01	3:3	87	15	06,07 14,15	4尾(2球)	28	27
107086	2018-10-25	04	26	37	20	38	13	02	2:4	138	23	37,38		34	28
107087	2018-10-29	33	11	20	34	03	35	02	4:2	136	23	33,34,35	3尾(2球)	32	16
107088	2018-11-01	38	12	25	08	23	27	06	3:3	133	22		8尾(2球)	30	33
107089	2018-11-05	30	20	17	13	24	19	02	3:3	123	21	19,20	0尾(2球)	17	23
107090	2018-11-08	16	19	25	04	11	29	01	4:2	104	17		9尾(2球)	25	34
107091	2018-11-12	36	02	13	05	03	18	08	3:3	77	13	02,03	3尾(2球)	34	27
107092	2018-11-15	17	22	33	38	20	18	08	2:4	148	25	17,18	8尾(2球)	21	28
107093	2018-11-19	22	25	10	06	38	18	05	1:5	119	20		8尾(2球)	32	29
107094	2018-11-22	15	01	21	33	03	02	07	5:1	75	13	01,02,03	1尾(2球) 3尾(2球)	32	15
107095	2018-11-26	32	31	30	25	16	01	07	3:3	135	23	30,31,32	1尾(2球)	31	15
107096	2018-11-29	02	18	28	35	26	10	01	1:5	119	20		8尾(2球)	33	29
107097	2018-12-03	22	07	20	21	17	23	04	4:2	110	18	20,21,22,23	7尾(2球)	16	20
107098	2018-12-06	24	13	16	21	04	38	02	2:4	116	19		4尾(2球)	34	26
107099	2018-12-10	01	06	17	35	10	33	07	4:2	102	17			34	22
107100	2018-12-13	03	22	02	18	09	35	08	3:3	89	15	02,03	2尾(2球)	33	29
107101	2018-12-17	32	10	14	31	18	27	02	2:4	132	22	31,32		22	22
107102	2018-12-20	13	28	12	07	27	37	06	4:2	124	21	12,13 27,28	7尾(3球)	30	34
107103	2018-12-24	13	22	23	12	19	03	01	4:2	92	15	12,13 22,23	2尾(2球) 3尾(3球)	20	22
107104	2018-12-27	37	25	03	19	24	31	06	5:1	139	23	24,25		34	29
107105	2018-12-31	11	09	28	23	12	36	04	3:3	119	20	11,12		27	29
108001	2019-01-03	21	24	26	03	32	23	03	3:3	129	22	23,24	3尾(2球)	29	19
108002	2019-01-07	28	11	38	25	10	17	03	3:3	129	22	10,11	8尾(2球)	28	29
108003	2019-01-10	36	37	17	05	03	02	05	4:2	100	17	02,03 36,37	7尾(2球)	35	30
108004	2019-01-14	19	12	26	28	02	11	07	2:4	98	16	11,12	2尾(2球)	26	28
108005	2019-01-17	08	15	12	13	07	30	08	3:3	85	14	07,08 12,13		23	25
108006	2019-01-21	04	15	05	02	35	27	03	4:2	88	15	04,05	5尾(3球)	33	28
108007	2019-01-24	25	08	22	17	37	20	02	3:3	129	22		7尾(2球)	29	29
108008	2019-01-28	25	22	32	20	29	31	03	3:3	159	27	31,32	2尾(2球)	12	19
108009	2019-01-31	19	20	29	17	36	26	01	3:3	147	25	19,20	6尾(2球) 9尾(2球)	19	37
108010	2019-02-04	06	37	07	13	28	15	03	4:2	106	18	06,07	7尾(2球)	31	36
108011	2019-02-07	27	09	26	21	36	01	08	4:2	120	20	26,27	1尾(2球) 6尾(2球)	35	30
108012	2019-02-11	16	02	29	17	13	36	01	3:3	113	19	16,17	6尾(2球)	34	33
108013	2019-02-14	14	05	09	23	29	27	02	5:1	107	18		9尾(2球)	24	37
108014	2019-02-18	03	07	28	24	19	04	04	3:3	85	14	03,04	4尾(2球)	25	35
108015	2019-02-21	06	37	05	34	33	13	04	4:2	128	21	05,06 33,34	3尾(2球)	32	28
108016	2019-02-25	30	02	04	24	10	08	07	0:6	78	13		0尾(2球) 4尾(2球)	28	18
108017	2019-02-28	19	23	03	27	04	26	08	4:2	102	17	03,04 26,27	3尾(2球)	24	32
108018	2019-03-04	21	30	17	02	19	27	02	4:2	116	19		7尾(2球)	28	26
108019	2019-03-07	19	14	07	31	28	34	05	3:3	133	22		4尾(2球)	27	33
108020	2019-03-11	15	27	33	21	11	28	06	5:1	135	23	27,28	1尾(2球)	22	25
108021	2019-03-14	33	23	36	04	09	21	04	4:2	126	21		3尾(2球)	32	26
108022	2019-03-18	11	21	02	22	28	10	07	2:4	94	16	10,11 21,22	1尾(2球) 2尾(2球)	26	14
108023	2019-03-21	22	36	06	10	20	19	06	1:5	113	19	19,20	0尾(2球) 6尾(2球)	30	23
108024	2019-03-25	24	20	27	06	03	07	04	3:3	87	15	06,07	7尾(2球)	24	27
108025	2019-03-28	31	04	34	22	36	21	02	2:4	148	25	21,22	1尾(2球) 4尾(2球)	32	18
108026	2019-04-01	11	36	10	28	01	15	08	3:3	101	17	10,11	1尾(2球)	35	21
108027	2019-04-04	12	05	04	38	24	21	03	2:4	104	17	04,05	4尾(2球)	34	24
108028	2019-04-08	36	31	12	05	03	35	01	4:2	122	20	35,36	5尾(2球)	33	22
108029	2019-04-11	22	13	20	26	02	21	01	2:4	104	17	20,21,22	2尾(2球)	24	14
108030	2019-04-15	15	04	26	16	35	27	04	3:3	123	21	15,16 26,27	5尾(2球) 6尾(2球)	31	33
108031	2019-04-18	23	28	22	04	01	30	02	2:4	108	18	22,23		29	18
108032	2019-04-22	02	36	16	31	15	03	04	3:3	103	17	02,03 15,16	6尾(2球)	34	23
108033	2019-04-25	16	02	03	25	37	38	07	3:3	121	20	02,03 37,38		36	31
108034	2019-04-29	06	27	29	28	38	03	01	3:3	131	22	27,28,29	8尾(2球)	35	41
108035	2019-05-02	04	21	07	34	27	16	04	3:3	109	18		4尾(2球) 7尾(2球)	30	29
108036	2019-05-06	36	38	15	18	24	01	06	2:4	132	22		8尾(2球)	37	32
108037	2019-05-09	08	07	10	15	23	17	03	4:2	80	13	07,08	7尾(2球)	16	30
108038	2019-05-13	05	33	13	17	23	06	02	5:1	97	16	05,06	3尾(3球)	28	27
108039	2019-05-16	07	25	09	08	12	05	06	4:2	66	11	07,08,09	5尾(2球)	20	36
108040	2019-05-20	18	15	19	03	22	26	02	3:3	103	17	18,19		23	33
108041	2019-05-23	30	09	03	29	27	23	01	5:1	121	20	29,30	3尾(2球) 9尾(2球)	27	31
108042	2019-05-27	13	31	10	35	15	04	01	4:2	108	18		5尾(2球)	31	18
108043	2019-05-30	04	06	13	36	37	10	08	2:4	106	18	36,37	6尾(2球)	33	26
108044	2019-06-03	23	24	35	29	38	20	01	3:3	169	28	23,24		18	29
108045	2019-06-06	19	16	09	07	21	14	05	4:2	86	14		9尾(2球)	14	36
108046	2019-06-10	38	29	07	14	32	36	05	2:4	156	26			31	36
108047	2019-06-13	21	26	37	11	35	33	04	5:1	163	27		1尾(2球)	26	23
108048	2019-06-17	33	19	13	34	36	11	01	4:2	146	24	33,34	3尾(2球)	25	26
108049	2019-06-20	21	16	14	19	30	03	02	3:3	103	17			27	23
108050	2019-06-24	14	34	23	27	36	35	03	3:3	169	28	34,35,36	4尾(2球)	22	29
108051	2019-06-27	05	17	29	11	34	02	05	4:2	98	16			32	28
108052	2019-07-01	17	27	28	16	14	02	01	2:4	104	17	16,17 27,28	7尾(2球)	26	34
108053	2019-07-04	22	33	23	38	24	34	04	2:4	174	29	22,23,24 33,34	3尾(2球) 4尾(2球)	16	24
108054	2019-07-08	35	24	06	25	18	05	02	3:3	113	19	05,06 24,25	5尾(3球)	30	33
108055	2019-07-11	18	19	28	06	16	04	02	1:5	91	15	18,19	6尾(2球) 8尾(2球)	24	41
108056	2019-07-15	29	34	30	18	26	10	05	1:5	147	25	29,30	0尾(2球)	24	27
108057	2019-07-18	20	02	17	38	14	03	03	2:4	94	16	02,03		36	24
108058	2019-07-22	03	08	06	13	02	21	07	3:3	53	9	02,03	3尾(2球)	19	23
108059	2019-07-25	37	32	25	01	19	23	02	5:1	137	23			36	27
108060	2019-07-29	11	29	14	07	04	36	04	3:3	101	17		4尾(2球)	32	31
108061	2019-08-01	11	31	32	37	24	25	08	4:2	160	27	24,25 31,32	1尾(2球)	26	20
108062	2019-08-05	16	01	14	30	20	07	04	2:4	88	15		0尾(2球)	29	18
108063	2019-08-08	38	08	19	07	15	34	08	3:3	121	20	07,08	8尾(2球)	31	41
108064	2019-08-12	36	02	31	37	06	29	08	3:3	141	24	36,37	6尾(2球)	35	31
108065	2019-08-15	31	17	27	23	03	05	01	6:0	106	18		3尾(2球) 7尾(2球)	28	26
108066	2019-08-19	29	06	18	31	19	10	06	3:3	113	19	18,19	9尾(2球)	25	33
108067	2019-08-22	02	03	25	09	07	27	05	5:1	73	12	02,03	7尾(2球)	25	33
108068	2019-08-26	28	22	18	07	03	35	05	3:3	113	19		8尾(2球)	32	33
108069	2019-08-29	16	23	08	21	14	01	01	3:3	83	14		1尾(2球)	22	23
108070	2019-09-02	25	02	28	11	08	12	08	2:4	86	14	11,12	2尾(2球) 8尾(2球)	26	26
108071	2019-09-05	08	32	01	13	21	26	01	3:3	101	17		1尾(2球)	31	21
108072	2019-09-09	34	25	19	13	36	26	06	3:3	153	26	25,26	6尾(2球)	23	33
108073	2019-09-12	29	13	28	20	02	34	02	2:4	126	21	28,29		32	26
108074	2019-09-16	02	04	21	11	16	29	03	3:3	83	14		1尾(2球)	27	23
108075	2019-09-19	08	12	27	24	31	26	01	2:4	128	21	26,27		23	28
108076	2019-09-23	36	23	27	32	30	21	03	3:3	169	28			15	19
108077	2019-09-26	14	17	20	22	23	13	08	3:3	109	18	13,14 22,23	3尾(2球)	10	19
108078	2019-09-30	18	34	21	33	27	03	05	4:2	136	23	33,34	3尾(2球)	31	26
108079	2019-10-03	19	34	28	11	13	30	04	3:3	135	23			23	25
108080	2019-10-07	29	27	15	05	31	36	04	5:1	143	24		5尾(2球)	31	33
108081	2019-10-10	30	08	06	14	20	27	03	1:5	105	18		0尾(2球)	24	25
108082	2019-10-14	16	13	33	15	14	31	04	4:2	122	20	13,14,15,16	3尾(2球)	20	22
108083	2019-10-17	04	22	35	20	02	38	08	1:5	121	20		2尾(2球)	36	21
108084	2019-10-21	20	05	23	07	27	13	08	5:1	95	16		3尾(2球) 7尾(2球)	22	25
108085	2019-10-24	22	08	06	19	32	30	02	1:5	117	20		2尾(2球)	26	27
108086	2019-10-28	18	26	20	21	05	32	05	2:4	122	20	20,21		27	22
108087	2019-10-31	02	26	06	29	04	12	06	1:5	79	13		2尾(2球) 6尾(2球)	27	29
108088	2019-11-04	30	08	13	07	26	15	04	3:3	99	17	07,08		23	29
108089	2019-11-07	02	38	18	32	22	31	03	1:5	143	24	31,32	2尾(3球) 8尾(2球)	36	23
108090	2019-11-11	26	16	22	29	09	25	04	3:3	127	21	25,26	6尾(2球) 9尾(2球)	20	37
108091	2019-11-14	09	28	22	17	15	07	01	4:2	98	16		7尾(2球)	21	38
108092	2019-11-18	06	32	19	29	28	08	02	2:4	122	20	28,29	8尾(2球) 9尾(2球)	26	42
108093	2019-11-21	31	05	37	26	03	20	04	4:2	122	20			34	22
108094	2019-11-25	31	16	17	06	28	24	05	2:4	122	20	16,17	6尾(2球)	25	32
108095	2019-11-28	08	21	27	36	33	31	07	4:2	156	26		1尾(2球)	28	26
108096	2019-12-02	24	30	11	08	02	25	06	2:4	100	17	24,25		28	20
108097	2019-12-05	05	26	21	15	28	03	06	4:2	98	16		5尾(2球)	25	28
108098	2019-12-09	34	01	14	16	25	21	06	3:3	111	19		1尾(2球) 4尾(2球)	33	21
108099	2019-12-12	12	09	21	32	13	30	07	3:3	117	20	12,13	2尾(2球)	23	17
108100	2019-12-16	14	06	30	29	19	31	01	3:3	129	22	29,30,31	9尾(2球)	25	29
108101	2019-12-19	28	17	27	23	01	33	06	5:1	129	22	27,28	3尾(2球) 7尾(2球)	32	29
108102	2019-12-23	13	12	35	28	25	30	03	3:3	143	24	12,13	5尾(2球)	23	23
108103	2019-12-26	12	05	13	38	19	27	05	4:2	114	19	12,13		33	34
108104	2019-12-30	11	13	26	19	15	31	07	5:1	115	19		1尾(2球)	20	25
109001	2020-01-02	07	16	12	30	03	20	08	2:4	88	15		0尾(2球)	27	18
109002	2020-01-06	31	14	20	23	19	06	07	3:3	113	19	19,20		25	23
109003	2020-01-09	07	21	24	15	08	01	03	4:2	76	13	07,08	1尾(2球)	23	26
109004	2020-01-13	27	18	28	12	13	19	03	3:3	117	20	12,13 18,19 27,28	8尾(2球)	16	37
109005	2020-01-16	01	32	27	38	09	35	04	4:2	142	24			37	32
109006	2020-01-20	27	20	29	12	36	33	01	3:3	157	26			24	27
109007	2020-01-23	18	25	32	35	26	31	04	3:3	167	28	25,26 31,32	5尾(2球)	17	27
109008	2020-01-27	28	02	14	29	37	33	03	3:3	143	24	28,29		35	33
109009	2020-01-30	18	16	17	31	36	34	04	2:4	152	25	16,17,18	6尾(2球)	20	32
109010	2020-02-03	35	34	10	24	18	29	02	2:4	150	25	34,35	4尾(2球)	25	30
109011	2020-02-06	16	26	29	24	09	05	04	3:3	109	18		6尾(2球) 9尾(2球)	24	39
109012	2020-02-10	21	04	12	19	14	16	08	2:4	86	14		4尾(2球)	17	26
109013	2020-02-13	10	07	19	28	05	17	01	4:2	86	14		7尾(2球)	23	36
109014	2020-02-17	09	21	36	24	22	10	01	2:4	122	20	09,10 21,22		27	22
109015	2020-02-20	03	10	33	08	17	11	03	4:2	82	14	10,11	3尾(2球)	30	22
109016	2020-02-24	14	30	08	01	24	06	03	1:5	83	14		4尾(2球)	29	23
109017	2020-02-27	22	31	15	10	03	20	04	3:3	101	17		0尾(2球)	28	11
109018	2020-03-02	31	13	38	25	30	33	08	4:2	170	28	30,31	3尾(2球)	25	20
109019	2020-03-05	38	03	04	09	34	24	01	2:4	112	19	03,04	4尾(3球)	35	32
109020	2020-03-09	27	18	30	19	22	35	01	3:3	151	25	18,19		17	31
109021	2020-03-12	26	07	10	16	33	02	05	2:4	94	16		6尾(2球)	31	24
109022	2020-03-16	11	04	13	34	31	19	07	4:2	112	19		1尾(2球) 4尾(2球)	30	22
109023	2020-03-19	04	27	16	23	30	33	06	3:3	133	22		3尾(2球)	29	23
109024	2020-03-23	37	25	34	30	04	16	02	2:4	146	24		4尾(2球)	33	26
109025	2020-03-26	33	10	35	15	14	31	04	4:2	138	23	14,15	5尾(2球)	25	18
109026	2020-03-30	09	12	33	36	31	11	05	4:2	132	22	11,12	1尾(2球)	27	22
109027	2020-04-02	17	37	26	16	23	19	08	4:2	138	23	16,17	6尾(2球) 7尾(2球)	21	38
109028	2020-04-06	33	30	31	01	14	28	02	3:3	137	23	30,31	1尾(2球)	32	17
109029	2020-04-09	01	03	16	12	33	35	01	4:2	100	17		3尾(2球)	34	20
109030	2020-04-13	19	18	22	37	10	11	01	3:3	117	20	10,11 18,19		27	27
109031	2020-04-16	30	25	20	06	17	03	05	3:3	101	17		0尾(2球)	27	21
109032	2020-04-20	17	38	12	05	23	20	07	3:3	115	19			33	25
109033	2020-04-23	10	15	16	17	26	18	06	2:4	102	17	15,16,17,18	6尾(2球)	16	32
109034	2020-04-27	33	03	13	15	01	17	01	6:0	82	14		3尾(3球)	32	22
109035	2020-04-30	07	31	30	15	11	12	06	4:2	106	18	11,12 30,31	1尾(2球)	24	16
109036	2020-05-04	19	31	23	02	32	35	07	4:2	142	24	31,32	2尾(2球)	33	22
109037	2020-05-07	20	05	23	21	36	25	03	4:2	130	22	20,21	5尾(2球)	31	20
109038	2020-05-11	14	32	25	28	15	34	08	2:4	148	25	14,15	4尾(2球) 5尾(2球)	20	28
109039	2020-05-14	12	24	17	35	30	34	02	2:4	152	25	34,35	4尾(2球)	23	22
109040	2020-05-18	35	04	27	36	11	25	08	4:2	138	23	35,36	5尾(2球)	32	28
109041	2020-05-21	24	07	35	04	27	33	08	4:2	130	22		4尾(2球) 7尾(2球)	31	30
109042	2020-05-25	28	29	03	18	04	14	04	2:4	96	16	03,04 28,29	4尾(2球) 8尾(2球)	26	36
109043	2020-05-28	35	08	02	04	07	18	06	2:4	74	12	07,08	8尾(2球)	33	34
109044	2020-06-01	04	01	25	19	13	21	08	5:1	83	14		1尾(2球)	24	23
109045	2020-06-04	04	38	06	37	18	26	01	1:5	129	22	37,38	6尾(2球) 8尾(2球)	34	39
109046	2020-06-08	01	16	08	33	15	28	06	3:3	101	17	15,16	8尾(2球)	32	31
109047	2020-06-11	38	22	26	27	06	17	04	2:4	136	23	26,27	6尾(2球) 7尾(2球)	32	36
109048	2020-06-15	20	28	14	16	32	23	07	1:5	133	22			18	23
109049	2020-06-18	12	25	20	27	06	37	05	3:3	127	21		7尾(2球)	31	27
109050	2020-06-22	21	07	10	23	27	24	01	4:2	112	19	23,24	7尾(2球)	20	22
109051	2020-06-25	27	24	22	17	36	15	06	3:3	141	24		7尾(2球)	21	31
109052	2020-06-29	08	19	01	27	26	38	08	3:3	119	20	26,27	8尾(2球)	37	39
109053	2020-07-02	02	28	30	05	07	38	05	2:4	110	18		8尾(2球)	36	30
109054	2020-07-06	24	31	32	15	30	35	08	3:3	167	28	30,31,32	5尾(2球)	20	17
109055	2020-07-09	35	24	17	29	12	03	04	4:2	120	20			32	30
109056  2020-07-13  11  26  03  02  18  31  03
109057  2020-07-16  35  14  13  06  31  33  08
109058  2020-07-20  37  20  15  26  04  22  01
109059  2020-07-23  35  17  09  01  18  31  02
